1 1 100 8
0 200
0 200
0 200
0 200
0 200
0 200
0 200
0 200
854 0
854 0
854 0
854 0
854 0
854 0
854 0
854 0
  0 35.0 35.0 0.00 0.00 0.00 0 
  1 41.0 49.0 51.97 10.00 1.00 8 1 2 4 8 16 32 64 128 
  2 35.0 17.0 47.95 7.00 1.00 8 1 2 4 8 16 32 64 128 
  3 55.0 45.0 56.10 13.00 1.00 8 1 2 4 8 16 32 64 128 
  4 55.0 20.0 83.25 19.00 1.00 8 1 2 4 8 16 32 64 128 
  5 15.0 30.0 151.99 26.00 1.00 8 1 2 4 8 16 32 64 128 
  6 25.0 30.0 15.55 3.00 1.00 8 1 2 4 8 16 32 64 128 
  7 20.0 50.0 14.96 5.00 1.00 8 1 2 4 8 16 32 64 128 
  8 10.0 43.0 25.58 9.00 1.00 8 1 2 4 8 16 32 64 128 
  9 55.0 60.0 34.96 16.00 1.00 8 1 2 4 8 16 32 64 128 
 10 30.0 60.0 45.32 16.00 1.00 8 1 2 4 8 16 32 64 128 
 11 20.0 65.0 27.18 12.00 1.00 8 1 2 4 8 16 32 64 128 
 12 50.0 35.0 58.60 19.00 1.00 8 1 2 4 8 16 32 64 128 
 13 30.0 25.0 133.44 23.00 1.00 8 1 2 4 8 16 32 64 128 
 14 15.0 10.0 100.94 20.00 1.00 8 1 2 4 8 16 32 64 128 
 15 30.0 5.0 17.46 8.00 1.00 8 1 2 4 8 16 32 64 128 
 16 10.0 20.0 67.35 19.00 1.00 8 1 2 4 8 16 32 64 128 
 17 5.0 30.0 6.50 2.00 1.00 8 1 2 4 8 16 32 64 128 
 18 20.0 40.0 40.33 12.00 1.00 8 1 2 4 8 16 32 64 128 
 19 15.0 60.0 44.92 17.00 1.00 8 1 2 4 8 16 32 64 128 
 20 45.0 65.0 27.13 9.00 1.00 8 1 2 4 8 16 32 64 128 
 21 45.0 20.0 39.32 11.00 1.00 8 1 2 4 8 16 32 64 128 
 22 45.0 10.0 53.58 18.00 1.00 8 1 2 4 8 16 32 64 128 
 23 55.0 5.0 63.68 29.00 1.00 8 1 2 4 8 16 32 64 128 
 24 65.0 35.0 8.09 3.00 1.00 8 1 2 4 8 16 32 64 128 
 25 65.0 20.0 7.99 6.00 1.00 8 1 2 4 8 16 32 64 128 
 26 45.0 30.0 67.99 17.00 1.00 8 1 2 4 8 16 32 64 128 
 27 35.0 40.0 58.80 16.00 1.00 8 1 2 4 8 16 32 64 128 
 28 41.0 37.0 79.14 16.00 1.00 8 1 2 4 8 16 32 64 128 
 29 64.0 42.0 22.05 9.00 1.00 8 1 2 4 8 16 32 64 128 
 30 40.0 60.0 88.31 21.00 1.00 8 1 2 4 8 16 32 64 128 
 31 31.0 52.0 78.38 27.00 1.00 8 1 2 4 8 16 32 64 128 
 32 35.0 69.0 58.80 23.00 1.00 8 1 2 4 8 16 32 64 128 
 33 53.0 52.0 46.16 11.00 1.00 8 1 2 4 8 16 32 64 128 
 34 65.0 55.0 26.51 14.00 1.00 8 1 2 4 8 16 32 64 128 
 35 63.0 65.0 21.62 8.00 1.00 8 1 2 4 8 16 32 64 128 
 36 2.0 60.0 7.25 5.00 1.00 8 1 2 4 8 16 32 64 128 
 37 20.0 20.0 51.47 8.00 1.00 8 1 2 4 8 16 32 64 128 
 38 5.0 5.0 12.10 16.00 1.00 8 1 2 4 8 16 32 64 128 
 39 60.0 12.0 63.92 31.00 1.00 8 1 2 4 8 16 32 64 128 
 40 40.0 25.0 32.63 9.00 1.00 8 1 2 4 8 16 32 64 128 
 41 42.0 7.0 12.96 5.00 1.00 8 1 2 4 8 16 32 64 128 
 42 24.0 12.0 18.88 5.00 1.00 8 1 2 4 8 16 32 64 128 
 43 23.0 3.0 13.09 7.00 1.00 8 1 2 4 8 16 32 64 128 
 44 11.0 14.0 88.29 18.00 1.00 8 1 2 4 8 16 32 64 128 
 45 6.0 38.0 35.22 16.00 1.00 8 1 2 4 8 16 32 64 128 
 46 2.0 48.0 1.71 1.00 1.00 8 1 2 4 8 16 32 64 128 
 47 8.0 56.0 77.74 27.00 1.00 8 1 2 4 8 16 32 64 128 
 48 13.0 52.0 110.58 36.00 1.00 8 1 2 4 8 16 32 64 128 
 49 6.0 68.0 30.56 30.00 1.00 8 1 2 4 8 16 32 64 128 
 50 47.0 47.0 47.20 13.00 1.00 8 1 2 4 8 16 32 64 128 
 51 49.0 58.0 43.81 10.00 1.00 8 1 2 4 8 16 32 64 128 
 52 27.0 43.0 30.87 9.00 1.00 8 1 2 4 8 16 32 64 128 
 53 37.0 31.0 67.34 14.00 1.00 8 1 2 4 8 16 32 64 128 
 54 57.0 29.0 46.61 18.00 1.00 8 1 2 4 8 16 32 64 128 
 55 63.0 23.0 2.57 2.00 1.00 8 1 2 4 8 16 32 64 128 
 56 53.0 12.0 12.23 6.00 1.00 8 1 2 4 8 16 32 64 128 
 57 32.0 12.0 42.30 7.00 1.00 8 1 2 4 8 16 32 64 128 
 58 36.0 26.0 75.89 18.00 1.00 8 1 2 4 8 16 32 64 128 
 59 21.0 24.0 198.55 28.00 1.00 8 1 2 4 8 16 32 64 128 
 60 17.0 34.0 22.98 3.00 1.00 8 1 2 4 8 16 32 64 128 
 61 12.0 24.0 70.05 13.00 1.00 8 1 2 4 8 16 32 64 128 
 62 24.0 58.0 57.02 19.00 1.00 8 1 2 4 8 16 32 64 128 
 63 27.0 69.0 22.52 10.00 1.00 8 1 2 4 8 16 32 64 128 
 64 15.0 77.0 5.58 9.00 1.00 8 1 2 4 8 16 32 64 128 
 65 62.0 77.0 21.69 20.00 1.00 8 1 2 4 8 16 32 64 128 
 66 49.0 73.0 38.28 25.00 1.00 8 1 2 4 8 16 32 64 128 
 67 67.0 5.0 29.68 25.00 1.00 8 1 2 4 8 16 32 64 128 
 68 56.0 39.0 118.43 36.00 1.00 8 1 2 4 8 16 32 64 128 
 69 37.0 47.0 22.79 6.00 1.00 8 1 2 4 8 16 32 64 128 
 70 37.0 56.0 16.29 5.00 1.00 8 1 2 4 8 16 32 64 128 
 71 57.0 68.0 39.82 15.00 1.00 8 1 2 4 8 16 32 64 128 
 72 47.0 16.0 116.98 25.00 1.00 8 1 2 4 8 16 32 64 128 
 73 44.0 17.0 36.80 9.00 1.00 8 1 2 4 8 16 32 64 128 
 74 46.0 13.0 19.81 8.00 1.00 8 1 2 4 8 16 32 64 128 
 75 49.0 11.0 61.86 18.00 1.00 8 1 2 4 8 16 32 64 128 
 76 49.0 42.0 62.29 13.00 1.00 8 1 2 4 8 16 32 64 128 
 77 53.0 43.0 64.84 14.00 1.00 8 1 2 4 8 16 32 64 128 
 78 61.0 52.0 12.61 3.00 1.00 8 1 2 4 8 16 32 64 128 
 79 57.0 48.0 88.29 23.00 1.00 8 1 2 4 8 16 32 64 128 
 80 56.0 37.0 18.48 6.00 1.00 8 1 2 4 8 16 32 64 128 
 81 55.0 54.0 72.58 26.00 1.00 8 1 2 4 8 16 32 64 128 
 82 15.0 47.0 71.91 16.00 1.00 8 1 2 4 8 16 32 64 128 
 83 14.0 37.0 65.45 11.00 1.00 8 1 2 4 8 16 32 64 128 
 84 11.0 31.0 41.10 7.00 1.00 8 1 2 4 8 16 32 64 128 
 85 16.0 22.0 261.56 41.00 1.00 8 1 2 4 8 16 32 64 128 
 86 4.0 18.0 135.62 35.00 1.00 8 1 2 4 8 16 32 64 128 
 87 28.0 18.0 178.53 26.00 1.00 8 1 2 4 8 16 32 64 128 
 88 26.0 52.0 28.08 9.00 1.00 8 1 2 4 8 16 32 64 128 
 89 26.0 35.0 59.51 15.00 1.00 8 1 2 4 8 16 32 64 128 
 90 31.0 67.0 6.10 3.00 1.00 8 1 2 4 8 16 32 64 128 
 91 15.0 19.0 6.76 1.00 1.00 8 1 2 4 8 16 32 64 128 
 92 22.0 22.0 13.56 2.00 1.00 8 1 2 4 8 16 32 64 128 
 93 18.0 24.0 124.17 22.00 1.00 8 1 2 4 8 16 32 64 128 
 94 26.0 27.0 203.48 27.00 1.00 8 1 2 4 8 16 32 64 128 
 95 25.0 24.0 113.84 20.00 1.00 8 1 2 4 8 16 32 64 128 
 96 22.0 27.0 57.51 11.00 1.00 8 1 2 4 8 16 32 64 128 
 97 25.0 21.0 63.75 12.00 1.00 8 1 2 4 8 16 32 64 128 
 98 19.0 21.0 67.35 10.00 1.00 8 1 2 4 8 16 32 64 128 
 99 20.0 26.0 68.00 9.00 1.00 8 1 2 4 8 16 32 64 128 
