1 4 184 4
0 60
0 60
0 60
0 60
812 0
812 0
812 0
812 0
  0 0.0 0.0 0.00 0.00 0.00 0 
  1 10.0 0.0 365.89 5.00 4.00 1 15 
  2 0.0 10.0 497.38 5.00 4.00 1 15 
  3 -10.0 0.0 448.97 5.00 4.00 1 15 
  4 -0.0 -10.0 429.09 5.00 4.00 1 15 
  5 50.0 0.0 397.43 5.00 4.00 1 15 
  6 0.0 50.0 304.09 5.00 4.00 1 15 
  7 -50.0 0.0 322.03 5.00 4.00 1 15 
  8 -0.0 -50.0 453.30 5.00 4.00 1 15 
  9 90.0 0.0 297.27 5.00 4.00 1 15 
 10 0.0 90.0 357.08 5.00 4.00 1 15 
 11 -90.0 0.0 198.51 5.00 4.00 1 15 
 12 -0.0 -90.0 339.81 5.00 4.00 1 15 
 13 130.0 0.0 275.58 5.00 4.00 1 15 
 14 0.0 130.0 216.97 5.00 4.00 1 15 
 15 -130.0 0.0 213.66 5.00 4.00 1 15 
 16 -0.0 -130.0 182.34 5.00 4.00 1 15 
 17 170.0 0.0 210.28 5.00 4.00 1 15 
 18 0.0 170.0 192.10 5.00 4.00 1 15 
 19 -170.0 0.0 231.80 5.00 4.00 1 15 
 20 -0.0 -170.0 207.71 5.00 4.00 1 15 
 21 210.0 0.0 78.96 5.00 4.00 1 15 
 22 0.0 210.0 84.29 5.00 4.00 1 15 
 23 -210.0 0.0 67.07 5.00 4.00 1 15 
 24 -0.0 -210.0 90.43 5.00 4.00 1 15 
 25 19.32 5.18 198.02 2.00 2.00 2 5 10 
 26 5.18 19.32 188.87 2.00 2.00 2 5 10 
 27 -5.18 19.32 181.68 2.00 2.00 2 5 10 
 28 -19.32 5.18 240.92 2.00 2.00 2 5 10 
 29 -19.32 -5.18 228.72 2.00 2.00 2 5 10 
 30 -5.18 -19.32 238.32 2.00 2.00 2 5 10 
 31 5.18 -19.32 200.05 2.00 2.00 2 5 10 
 32 19.32 -5.18 188.65 2.00 2.00 2 5 10 
 33 38.64 10.35 174.79 2.00 2.00 2 5 10 
 34 10.35 38.64 170.86 2.00 2.00 2 5 10 
 35 -10.35 38.64 207.88 2.00 2.00 2 5 10 
 36 -38.64 10.35 209.93 2.00 2.00 2 5 10 
 37 -38.64 -10.35 143.91 2.00 2.00 2 5 10 
 38 -10.35 -38.64 244.92 2.00 2.00 2 5 10 
 39 10.35 -38.64 185.21 2.00 2.00 2 5 10 
 40 38.64 -10.35 148.80 2.00 2.00 2 5 10 
 41 57.96 15.53 169.53 2.00 2.00 2 5 10 
 42 15.53 57.96 138.81 2.00 2.00 2 5 10 
 43 -15.53 57.96 175.14 2.00 2.00 2 5 10 
 44 -57.96 15.53 105.28 2.00 2.00 2 5 10 
 45 -57.96 -15.53 125.52 2.00 2.00 2 5 10 
 46 -15.53 -57.96 202.62 2.00 2.00 2 5 10 
 47 15.53 -57.96 177.97 2.00 2.00 2 5 10 
 48 57.96 -15.53 169.67 2.00 2.00 2 5 10 
 49 77.27 20.71 91.68 2.00 2.00 2 5 10 
 50 20.71 77.27 93.40 2.00 2.00 2 5 10 
 51 -20.71 77.27 84.66 2.00 2.00 2 5 10 
 52 -77.27 20.71 99.51 2.00 2.00 2 5 10 
 53 -77.27 -20.71 87.68 2.00 2.00 2 5 10 
 54 -20.71 -77.27 120.17 2.00 2.00 2 5 10 
 55 20.71 -77.27 128.12 2.00 2.00 2 5 10 
 56 77.27 -20.71 124.14 2.00 2.00 2 5 10 
 57 96.59 25.88 82.54 2.00 2.00 2 5 10 
 58 25.88 96.59 91.33 2.00 2.00 2 5 10 
 59 -25.88 96.59 113.79 2.00 2.00 2 5 10 
 60 -96.59 25.88 74.94 2.00 2.00 2 5 10 
 61 -96.59 -25.88 86.61 2.00 2.00 2 5 10 
 62 -25.88 -96.59 113.57 2.00 2.00 2 5 10 
 63 25.88 -96.59 101.98 2.00 2.00 2 5 10 
 64 96.59 -25.88 92.60 2.00 2.00 2 5 10 
 65 115.91 31.06 109.68 2.00 2.00 2 5 10 
 66 31.06 115.91 73.36 2.00 2.00 2 5 10 
 67 -31.06 115.91 67.94 2.00 2.00 2 5 10 
 68 -115.91 31.06 91.37 2.00 2.00 2 5 10 
 69 -115.91 -31.06 91.23 2.00 2.00 2 5 10 
 70 -31.06 -115.91 67.47 2.00 2.00 2 5 10 
 71 31.06 -115.91 73.55 2.00 2.00 2 5 10 
 72 115.91 -31.06 69.00 2.00 2.00 2 5 10 
 73 135.23 36.24 90.44 2.00 2.00 2 5 10 
 74 36.24 135.23 88.62 2.00 2.00 2 5 10 
 75 -36.24 135.23 84.65 2.00 2.00 2 5 10 
 76 -135.23 36.24 56.00 2.00 2.00 2 5 10 
 77 -135.23 -36.24 72.43 2.00 2.00 2 5 10 
 78 -36.24 -135.23 58.62 2.00 2.00 2 5 10 
 79 36.24 -135.23 47.85 2.00 2.00 2 5 10 
 80 135.23 -36.24 51.66 2.00 2.00 2 5 10 
 81 154.55 41.41 47.09 2.00 2.00 2 5 10 
 82 41.41 154.55 69.17 2.00 2.00 2 5 10 
 83 -41.41 154.55 41.08 2.00 2.00 2 5 10 
 84 -154.55 41.41 53.18 2.00 2.00 2 5 10 
 85 -154.55 -41.41 70.26 2.00 2.00 2 5 10 
 86 -41.41 -154.55 44.19 2.00 2.00 2 5 10 
 87 41.41 -154.55 46.94 2.00 2.00 2 5 10 
 88 154.55 -41.41 69.83 2.00 2.00 2 5 10 
 89 173.87 46.59 34.55 2.00 2.00 2 5 10 
 90 46.59 173.87 42.43 2.00 2.00 2 5 10 
 91 -46.59 173.87 52.14 2.00 2.00 2 5 10 
 92 -173.87 46.59 52.56 2.00 2.00 2 5 10 
 93 -173.87 -46.59 52.19 2.00 2.00 2 5 10 
 94 -46.59 -173.87 44.44 2.00 2.00 2 5 10 
 95 46.59 -173.87 60.40 2.00 2.00 2 5 10 
 96 173.87 -46.59 32.08 2.00 2.00 2 5 10 
 97 193.19 51.76 27.20 2.00 2.00 2 5 10 
 98 51.76 193.19 30.15 2.00 2.00 2 5 10 
 99 -51.76 193.19 42.33 2.00 2.00 2 5 10 
100 -193.19 51.76 43.96 2.00 2.00 2 5 10 
101 -193.19 -51.76 37.64 2.00 2.00 2 5 10 
102 -51.76 -193.19 37.42 2.00 2.00 2 5 10 
103 51.76 -193.19 42.65 2.00 2.00 2 5 10 
104 193.19 -51.76 24.53 2.00 2.00 2 5 10 
105 29.74 3.92 109.48 1.00 1.00 4 1 2 4 8 
106 27.72 11.48 68.54 1.00 1.00 4 1 2 4 8 
107 11.48 27.72 90.24 1.00 1.00 4 1 2 4 8 
108 3.92 29.74 102.40 1.00 1.00 4 1 2 4 8 
109 -3.92 29.74 76.45 1.00 1.00 4 1 2 4 8 
110 -11.48 27.72 106.80 1.00 1.00 4 1 2 4 8 
111 -27.72 11.48 82.65 1.00 1.00 4 1 2 4 8 
112 -29.74 3.92 113.30 1.00 1.00 4 1 2 4 8 
113 -29.74 -3.92 120.87 1.00 1.00 4 1 2 4 8 
114 -27.72 -11.48 88.27 1.00 1.00 4 1 2 4 8 
115 -11.48 -27.72 79.03 1.00 1.00 4 1 2 4 8 
116 -3.92 -29.74 83.10 1.00 1.00 4 1 2 4 8 
117 3.92 -29.74 123.49 1.00 1.00 4 1 2 4 8 
118 11.48 -27.72 90.58 1.00 1.00 4 1 2 4 8 
119 27.72 -11.48 103.78 1.00 1.00 4 1 2 4 8 
120 29.74 -3.92 95.15 1.00 1.00 4 1 2 4 8 
121 69.4 9.14 57.05 1.00 1.00 4 1 2 4 8 
122 64.67 26.79 59.50 1.00 1.00 4 1 2 4 8 
123 26.79 64.67 79.88 1.00 1.00 4 1 2 4 8 
124 9.14 69.4 81.47 1.00 1.00 4 1 2 4 8 
125 -9.14 69.4 48.17 1.00 1.00 4 1 2 4 8 
126 -26.79 64.67 58.21 1.00 1.00 4 1 2 4 8 
127 -64.67 26.79 78.05 1.00 1.00 4 1 2 4 8 
128 -69.4 9.14 49.34 1.00 1.00 4 1 2 4 8 
129 -69.4 -9.14 68.84 1.00 1.00 4 1 2 4 8 
130 -64.67 -26.79 60.11 1.00 1.00 4 1 2 4 8 
131 -26.79 -64.67 67.65 1.00 1.00 4 1 2 4 8 
132 -9.14 -69.4 89.96 1.00 1.00 4 1 2 4 8 
133 9.14 -69.4 73.47 1.00 1.00 4 1 2 4 8 
134 26.79 -64.67 47.19 1.00 1.00 4 1 2 4 8 
135 64.67 -26.79 76.67 1.00 1.00 4 1 2 4 8 
136 69.4 -9.14 72.27 1.00 1.00 4 1 2 4 8 
137 109.06 14.36 46.15 1.00 1.00 4 1 2 4 8 
138 101.63 42.1 28.80 1.00 1.00 4 1 2 4 8 
139 42.1 101.63 42.31 1.00 1.00 4 1 2 4 8 
140 14.36 109.06 54.33 1.00 1.00 4 1 2 4 8 
141 -14.36 109.06 61.58 1.00 1.00 4 1 2 4 8 
142 -42.1 101.63 27.35 1.00 1.00 4 1 2 4 8 
143 -101.63 42.1 31.38 1.00 1.00 4 1 2 4 8 
144 -109.06 14.36 62.10 1.00 1.00 4 1 2 4 8 
145 -109.06 -14.36 33.43 1.00 1.00 4 1 2 4 8 
146 -101.63 -42.1 25.64 1.00 1.00 4 1 2 4 8 
147 -42.1 -101.63 26.88 1.00 1.00 4 1 2 4 8 
148 -14.36 -109.06 48.45 1.00 1.00 4 1 2 4 8 
149 14.36 -109.06 45.30 1.00 1.00 4 1 2 4 8 
150 42.1 -101.63 34.71 1.00 1.00 4 1 2 4 8 
151 101.63 -42.1 46.03 1.00 1.00 4 1 2 4 8 
152 109.06 -14.36 60.04 1.00 1.00 4 1 2 4 8 
153 148.72 19.58 33.51 1.00 1.00 4 1 2 4 8 
154 138.58 57.4 34.00 1.00 1.00 4 1 2 4 8 
155 57.4 138.58 27.70 1.00 1.00 4 1 2 4 8 
156 19.58 148.72 38.81 1.00 1.00 4 1 2 4 8 
157 -19.58 148.72 54.89 1.00 1.00 4 1 2 4 8 
158 -57.4 138.58 21.85 1.00 1.00 4 1 2 4 8 
159 -138.58 57.4 19.84 1.00 1.00 4 1 2 4 8 
160 -148.72 19.58 34.30 1.00 1.00 4 1 2 4 8 
161 -148.72 -19.58 52.83 1.00 1.00 4 1 2 4 8 
162 -138.58 -57.4 32.13 1.00 1.00 4 1 2 4 8 
163 -57.4 -138.58 35.65 1.00 1.00 4 1 2 4 8 
164 -19.58 -148.72 28.06 1.00 1.00 4 1 2 4 8 
165 19.58 -148.72 49.64 1.00 1.00 4 1 2 4 8 
166 57.4 -138.58 27.45 1.00 1.00 4 1 2 4 8 
167 138.58 -57.4 18.85 1.00 1.00 4 1 2 4 8 
168 148.72 -19.58 43.12 1.00 1.00 4 1 2 4 8 
169 188.38 24.8 21.35 1.00 1.00 4 1 2 4 8 
170 175.54 72.71 15.10 1.00 1.00 4 1 2 4 8 
171 72.71 175.54 20.22 1.00 1.00 4 1 2 4 8 
172 24.8 188.38 29.28 1.00 1.00 4 1 2 4 8 
173 -24.8 188.38 17.66 1.00 1.00 4 1 2 4 8 
174 -72.71 175.54 17.30 1.00 1.00 4 1 2 4 8 
175 -175.54 72.71 14.95 1.00 1.00 4 1 2 4 8 
176 -188.38 24.8 20.17 1.00 1.00 4 1 2 4 8 
177 -188.38 -24.8 19.60 1.00 1.00 4 1 2 4 8 
178 -175.54 -72.71 10.67 1.00 1.00 4 1 2 4 8 
179 -72.71 -175.54 19.56 1.00 1.00 4 1 2 4 8 
180 -24.8 -188.38 21.42 1.00 1.00 4 1 2 4 8 
181 24.8 -188.38 29.04 1.00 1.00 4 1 2 4 8 
182 72.71 -175.54 14.86 1.00 1.00 4 1 2 4 8 
183 175.54 -72.71 11.15 1.00 1.00 4 1 2 4 8 
