1 12 288 4
400 175
400 175
400 175
400 175
1013 0
1013 0
1013 0
1013 0
  0 -2.68 -9.47 0.00 0.00 0.00 0 
  1 -66.17 -37.81 218.86 19.00 4.00 1 15 
  2 2.67 -35.22 266.03 21.00 4.00 1 15 
  3 38.75 8.62 190.88 17.00 4.00 1 15 
  4 62.65 20.67 48.90 6.00 4.00 1 15 
  5 60.97 -6.11 86.19 6.00 4.00 1 15 
  6 -98.54 -39.53 49.46 19.00 4.00 1 15 
  7 8.41 -81.27 44.38 17.00 4.00 1 15 
  8 -14.57 26.06 208.02 19.00 4.00 1 15 
  9 -34.19 -76.7 3.74 2.00 4.00 1 15 
 10 55.15 -33.91 16.88 3.00 4.00 1 15 
 11 15.87 8.72 474.20 24.00 4.00 1 15 
 12 -63.42 -20.28 54.56 5.00 4.00 1 15 
 13 -9.36 -42.21 128.74 9.00 4.00 1 15 
 14 -53.62 3.73 237.31 20.00 4.00 1 15 
 15 53.49 -3.31 252.59 19.00 4.00 1 15 
 16 -22.61 -32.79 305.29 20.00 4.00 1 15 
 17 39.61 -1.55 65.68 4.00 4.00 1 15 
 18 16.71 -22.75 50.90 3.00 4.00 1 15 
 19 -51.25 -13.76 35.41 2.00 4.00 1 15 
 20 -29.91 14.38 350.72 23.00 4.00 1 15 
 21 -70.44 -27.91 82.61 6.00 4.00 1 15 
 22 -75.39 -30.81 172.03 17.00 4.00 1 15 
 23 10.59 -28.93 245.14 17.00 4.00 1 15 
 24 86.34 -45.94 4.45 3.00 4.00 1 15 
 25 3.86 34.58 194.97 16.00 4.00 1 15 
 26 -37.6 -42.11 196.58 15.00 4.00 1 15 
 27 69.44 1.38 248.38 23.00 4.00 1 15 
 28 -13.82 1.25 174.01 15.00 4.00 1 15 
 29 -27.12 -38.04 180.55 12.00 4.00 1 15 
 30 -69.35 -14.73 273.64 19.00 4.00 1 15 
 31 58.58 29.35 209.56 23.00 4.00 1 15 
 32 58.11 31.7 65.38 10.00 4.00 1 15 
 33 -62.25 -16.43 296.94 23.00 4.00 1 15 
 34 -66.38 13.59 242.34 22.00 4.00 1 15 
 35 68.03 -12.48 38.63 4.00 4.00 1 15 
 36 -30.7 -41.68 67.02 5.00 4.00 1 15 
 37 -55.39 -51.05 6.92 1.00 4.00 1 15 
 38 36.24 -2.66 166.93 11.00 4.00 1 15 
 39 -1.22 5.59 469.08 20.00 4.00 1 15 
 40 10.28 -23.95 502.14 25.00 4.00 1 15 
 41 -7.16 36.86 185.78 18.00 4.00 1 15 
 42 -90.2 61.17 2.51 4.00 4.00 1 15 
 43 46.37 65.08 17.73 10.00 4.00 1 15 
 44 13.35 31.37 189.65 17.00 4.00 1 15 
 45 -73.57 -28.84 88.77 7.00 4.00 1 15 
 46 -41.53 -37.1 51.10 4.00 4.00 1 15 
 47 -60.94 -27.25 43.50 3.00 4.00 1 15 
 48 38.31 54.38 53.04 12.00 4.00 1 15 
 49 26.31 11.98 275.82 13.00 4.00 1 15 
 50 10.3 -48.35 327.19 24.00 4.00 1 15 
 51 52.42 -28.36 137.97 16.00 4.00 1 15 
 52 -43.76 -39.34 21.08 2.00 4.00 1 15 
 53 49.32 11.4 72.62 7.00 4.00 1 15 
 54 45.59 4.35 230.60 15.00 4.00 1 15 
 55 -25.99 -15.81 300.51 12.00 4.00 1 15 
 56 65.25 -59.63 13.51 15.00 4.00 1 15 
 57 12.11 -34.39 205.00 17.00 4.00 1 15 
 58 12.39 -16.25 262.22 16.00 4.00 1 15 
 59 0.53 69.61 3.71 1.00 4.00 1 15 
 60 -8.68 7.77 144.38 9.00 4.00 1 15 
 61 41.47 -35.02 34.27 4.00 4.00 1 15 
 62 11.86 -34.97 37.88 3.00 4.00 1 15 
 63 -1.31 -58.06 9.65 1.00 4.00 1 15 
 64 6.02 -31.02 51.24 4.00 4.00 1 15 
 65 1.79 -32.54 84.86 6.00 4.00 1 15 
 66 29.27 -6.49 21.17 1.00 4.00 1 15 
 67 23.95 10.74 277.90 19.00 4.00 1 15 
 68 -65.89 40.91 2.88 1.00 4.00 1 15 
 69 -10.1 26.26 26.09 2.00 4.00 1 15 
 70 58.09 67.35 30.69 25.00 4.00 1 15 
 71 90.02 9.49 15.30 4.00 4.00 1 15 
 72 -6.62 15.22 53.01 4.00 4.00 1 15 
 73 -2.88 -42.84 215.46 13.00 2.00 2 5 10 
 74 -37.71 -7.31 206.37 18.00 2.00 2 5 10 
 75 44.17 -11.22 133.45 9.00 2.00 2 5 10 
 76 -58.7 -2.81 57.07 5.00 2.00 2 5 10 
 77 -3.91 10.07 196.73 12.00 2.00 2 5 10 
 78 -41.37 -1.5 342.46 22.00 2.00 2 5 10 
 79 58.18 27.56 72.75 9.00 2.00 2 5 10 
 80 -63.86 26.15 38.12 11.00 2.00 2 5 10 
 81 -56.79 -15.92 97.02 6.00 2.00 2 5 10 
 82 22.22 -27.51 257.58 19.00 2.00 2 5 10 
 83 -1.03 -14.84 161.53 10.00 2.00 2 5 10 
 84 -57.7 -10.48 10.75 1.00 2.00 2 5 10 
 85 80.85 6.3 52.73 10.00 2.00 2 5 10 
 86 2.89 10.82 335.64 20.00 2.00 2 5 10 
 87 -37.39 -7.8 293.17 18.00 2.00 2 5 10 
 88 -33.6 -26.74 21.36 1.00 2.00 2 5 10 
 89 95.2 24.23 23.59 11.00 2.00 2 5 10 
 90 -13.9 29.33 237.10 20.00 2.00 2 5 10 
 91 -53.46 9.3 185.96 12.00 2.00 2 5 10 
 92 67.58 13.01 155.33 17.00 2.00 2 5 10 
 93 -83.88 -53.27 39.22 16.00 2.00 2 5 10 
 94 30.26 -72.43 4.62 3.00 2.00 2 5 10 
 95 -22.33 -20.54 353.61 14.00 2.00 2 5 10 
 96 3.74 -35.46 204.47 12.00 2.00 2 5 10 
 97 -20.09 -43.98 107.32 9.00 2.00 2 5 10 
 98 -47.69 -21.1 12.09 1.00 2.00 2 5 10 
 99 -20.45 -13.85 158.99 7.00 2.00 2 5 10 
100 34.52 3.97 114.53 7.00 2.00 2 5 10 
101 20.51 -11.88 126.22 5.00 2.00 2 5 10 
102 -46.04 -22.57 158.57 9.00 2.00 2 5 10 
103 -39.63 25.39 147.29 15.00 2.00 2 5 10 
104 -1.03 50.43 31.90 4.00 2.00 2 5 10 
105 -28.63 23.49 119.20 10.00 2.00 2 5 10 
106 -53.0 -16.25 380.77 21.00 2.00 2 5 10 
107 -3.35 -22.96 26.11 2.00 2.00 2 5 10 
108 -62.64 -26.35 108.20 6.00 2.00 2 5 10 
109 25.4 0.53 20.71 1.00 2.00 2 5 10 
110 -29.9 72.92 23.14 23.00 2.00 2 5 10 
111 26.63 1.97 414.34 24.00 2.00 2 5 10 
112 -9.81 35.0 174.22 16.00 2.00 2 5 10 
113 -7.76 -42.43 235.15 18.00 2.00 2 5 10 
114 28.92 -7.12 15.09 1.00 2.00 2 5 10 
115 47.69 36.11 9.00 1.00 2.00 2 5 10 
116 -53.17 5.21 264.56 21.00 2.00 2 5 10 
117 17.56 13.21 102.37 8.00 2.00 2 5 10 
118 6.84 -2.5 395.31 22.00 2.00 2 5 10 
119 -17.32 97.26 27.67 23.00 2.00 2 5 10 
120 22.41 26.53 116.73 11.00 2.00 2 5 10 
121 -73.09 -13.25 121.96 15.00 2.00 2 5 10 
122 -65.0 -4.58 187.01 14.00 2.00 2 5 10 
123 -34.91 -43.9 259.63 16.00 2.00 2 5 10 
124 -92.35 -4.52 160.09 25.00 2.00 2 5 10 
125 0.65 -8.5 231.60 12.00 2.00 2 5 10 
126 5.05 -37.32 130.35 9.00 2.00 2 5 10 
127 -19.08 -14.18 408.26 20.00 2.00 2 5 10 
128 -71.7 -11.45 337.51 22.00 2.00 2 5 10 
129 -45.58 -28.72 226.13 13.00 2.00 2 5 10 
130 -28.35 -23.91 465.46 24.00 2.00 2 5 10 
131 -16.49 30.92 113.50 13.00 2.00 2 5 10 
132 -83.42 -20.94 26.84 4.00 2.00 2 5 10 
133 -12.05 -20.61 283.40 22.00 2.00 2 5 10 
134 -7.18 -63.72 79.69 18.00 2.00 2 5 10 
135 34.55 -8.88 516.60 25.00 2.00 2 5 10 
136 -4.87 73.69 34.21 19.00 2.00 2 5 10 
137 -36.01 -3.88 101.49 8.00 2.00 2 5 10 
138 -28.4 -21.82 260.08 13.00 2.00 2 5 10 
139 -56.28 -15.11 16.24 1.00 2.00 2 5 10 
140 -11.02 42.15 9.15 1.00 2.00 2 5 10 
141 -63.09 -62.57 22.75 5.00 2.00 2 5 10 
142 29.49 79.94 3.61 2.00 2.00 2 5 10 
143 -65.67 -0.24 252.30 22.00 2.00 2 5 10 
144 46.13 -20.42 38.33 3.00 2.00 2 5 10 
145 1.58 -16.36 35.26 2.00 1.00 4 1 2 4 8 
146 40.28 -1.38 80.99 6.00 1.00 4 1 2 4 8 
147 -15.27 42.25 153.51 19.00 1.00 4 1 2 4 8 
148 33.22 -16.61 69.29 5.00 1.00 4 1 2 4 8 
149 -72.39 13.07 208.13 25.00 1.00 4 1 2 4 8 
150 -24.49 5.27 126.28 9.00 1.00 4 1 2 4 8 
151 -6.6 -30.96 406.47 20.00 1.00 4 1 2 4 8 
152 31.29 21.33 179.88 11.00 1.00 4 1 2 4 8 
153 20.56 0.38 476.27 18.00 1.00 4 1 2 4 8 
154 -67.2 -41.34 317.04 25.00 1.00 4 1 2 4 8 
155 22.17 -40.38 256.35 22.00 1.00 4 1 2 4 8 
156 31.17 2.22 520.56 25.00 1.00 4 1 2 4 8 
157 74.63 30.22 70.02 14.00 1.00 4 1 2 4 8 
158 60.7 81.12 15.23 21.00 1.00 4 1 2 4 8 
159 -60.74 24.13 4.94 1.00 1.00 4 1 2 4 8 
160 1.98 17.52 122.92 9.00 1.00 4 1 2 4 8 
161 -80.57 -38.2 15.48 2.00 1.00 4 1 2 4 8 
162 -49.93 -36.71 29.06 2.00 1.00 4 1 2 4 8 
163 -60.45 -27.82 39.81 4.00 1.00 4 1 2 4 8 
164 -78.75 -44.23 86.34 15.00 1.00 4 1 2 4 8 
165 54.26 -9.26 151.71 11.00 1.00 4 1 2 4 8 
166 -42.06 -26.64 193.78 15.00 1.00 4 1 2 4 8 
167 -57.34 -16.72 181.20 15.00 1.00 4 1 2 4 8 
168 -1.28 -13.33 237.71 16.00 1.00 4 1 2 4 8 
169 -24.16 39.2 89.38 14.00 1.00 4 1 2 4 8 
170 17.91 -40.44 232.51 25.00 1.00 4 1 2 4 8 
171 59.83 -3.67 99.49 9.00 1.00 4 1 2 4 8 
172 -3.51 6.26 268.43 23.00 1.00 4 1 2 4 8 
173 40.17 8.59 247.57 16.00 1.00 4 1 2 4 8 
174 -1.69 -54.38 119.32 10.00 1.00 4 1 2 4 8 
175 -36.04 -17.07 77.89 4.00 1.00 4 1 2 4 8 
176 7.28 -4.14 444.51 25.00 1.00 4 1 2 4 8 
177 30.22 -6.83 417.11 20.00 1.00 4 1 2 4 8 
178 -26.38 -63.06 30.52 5.00 1.00 4 1 2 4 8 
179 28.77 -0.03 367.11 19.00 1.00 4 1 2 4 8 
180 2.63 5.07 42.28 2.00 1.00 4 1 2 4 8 
181 3.6 -21.6 205.24 13.00 1.00 4 1 2 4 8 
182 -64.95 -10.96 298.32 19.00 1.00 4 1 2 4 8 
183 18.67 -41.01 26.50 2.00 1.00 4 1 2 4 8 
184 29.29 12.8 329.17 16.00 1.00 4 1 2 4 8 
185 4.53 26.65 34.86 2.00 1.00 4 1 2 4 8 
186 25.36 29.72 91.45 6.00 1.00 4 1 2 4 8 
187 57.35 -15.41 22.88 3.00 1.00 4 1 2 4 8 
188 -11.57 -19.01 267.61 20.00 1.00 4 1 2 4 8 
189 -45.44 -71.81 36.15 13.00 1.00 4 1 2 4 8 
190 2.2 -3.56 142.77 9.00 1.00 4 1 2 4 8 
191 -1.86 -24.48 92.24 5.00 1.00 4 1 2 4 8 
192 -59.85 -48.94 173.85 15.00 1.00 4 1 2 4 8 
193 70.08 -17.82 86.94 22.00 1.00 4 1 2 4 8 
194 -4.93 28.75 255.40 18.00 1.00 4 1 2 4 8 
195 -46.63 -23.53 468.19 21.00 1.00 4 1 2 4 8 
196 -49.87 -35.34 185.10 16.00 1.00 4 1 2 4 8 
197 -67.5 8.14 192.86 22.00 1.00 4 1 2 4 8 
198 31.2 -18.24 291.04 23.00 1.00 4 1 2 4 8 
199 -42.14 -52.7 7.53 1.00 1.00 4 1 2 4 8 
200 -15.09 18.93 10.86 1.00 1.00 4 1 2 4 8 
201 -78.63 -24.34 162.68 13.00 1.00 4 1 2 4 8 
202 51.47 -9.61 218.32 14.00 1.00 4 1 2 4 8 
203 29.99 -31.06 164.57 18.00 1.00 4 1 2 4 8 
204 46.74 1.45 60.54 5.00 1.00 4 1 2 4 8 
205 -52.95 31.74 86.49 24.00 1.00 4 1 2 4 8 
206 10.54 -61.43 69.15 11.00 1.00 4 1 2 4 8 
207 -15.95 -56.01 58.42 5.00 1.00 4 1 2 4 8 
208 -7.78 -54.73 11.81 1.00 1.00 4 1 2 4 8 
209 11.05 -20.91 398.36 21.00 1.00 4 1 2 4 8 
210 -24.36 -23.05 133.22 6.00 1.00 4 1 2 4 8 
211 2.95 -20.4 75.57 6.00 1.00 4 1 2 4 8 
212 -82.65 24.32 19.53 5.00 1.00 4 1 2 4 8 
213 -12.13 42.07 206.06 23.00 1.00 4 1 2 4 8 
214 -98.04 -36.36 61.17 16.00 1.00 4 1 2 4 8 
215 -61.1 -13.48 273.01 18.00 1.00 4 1 2 4 8 
216 -39.14 6.29 160.14 10.00 1.00 4 1 2 4 8 
217 41.18 7.97 123.93 9.00 1.00 4 1 2 4 8 
218 4.25 19.83 344.83 18.00 1.00 4 1 2 4 8 
219 -34.14 -37.92 227.35 22.00 1.00 4 1 2 4 8 
220 -4.56 23.57 299.59 24.00 1.00 4 1 2 4 8 
221 37.89 -1.95 229.57 15.00 1.00 4 1 2 4 8 
222 78.26 15.94 30.72 6.00 1.00 4 1 2 4 8 
223 -8.66 -25.11 270.23 12.00 1.00 4 1 2 4 8 
224 10.07 37.16 140.35 19.00 1.00 4 1 2 4 8 
225 -42.62 -46.99 152.37 19.00 1.00 4 1 2 4 8 
226 92.16 -94.18 2.83 17.00 1.00 4 1 2 4 8 
227 32.2 -39.84 234.18 22.00 1.00 4 1 2 4 8 
228 -55.23 -15.03 374.75 25.00 1.00 4 1 2 4 8 
229 -26.75 -21.49 249.69 11.00 1.00 4 1 2 4 8 
230 -75.51 -0.71 247.71 23.00 1.00 4 1 2 4 8 
231 34.02 12.67 158.31 10.00 1.00 4 1 2 4 8 
232 -2.64 -20.83 341.78 17.00 1.00 4 1 2 4 8 
233 53.37 13.77 89.46 6.00 1.00 4 1 2 4 8 
234 -14.95 -40.26 295.74 20.00 1.00 4 1 2 4 8 
235 67.83 5.75 43.36 6.00 1.00 4 1 2 4 8 
236 -13.22 -26.03 76.75 4.00 1.00 4 1 2 4 8 
237 4.17 -32.62 271.83 25.00 1.00 4 1 2 4 8 
238 -26.05 -33.31 97.51 7.00 1.00 4 1 2 4 8 
239 31.96 -45.7 60.36 11.00 1.00 4 1 2 4 8 
240 96.82 26.21 26.25 14.00 1.00 4 1 2 4 8 
241 -44.7 -37.85 187.82 14.00 1.00 4 1 2 4 8 
242 33.42 11.79 306.39 15.00 1.00 4 1 2 4 8 
243 -35.19 19.23 18.39 2.00 1.00 4 1 2 4 8 
244 -14.23 -74.99 36.81 14.00 1.00 4 1 2 4 8 
245 37.16 -0.84 235.85 17.00 1.00 4 1 2 4 8 
246 -51.7 -26.45 339.57 24.00 1.00 4 1 2 4 8 
247 23.54 5.9 192.34 10.00 1.00 4 1 2 4 8 
248 -18.43 53.71 138.75 20.00 1.00 4 1 2 4 8 
249 -11.34 -17.62 238.32 11.00 1.00 4 1 2 4 8 
250 -7.81 -35.9 239.16 16.00 1.00 4 1 2 4 8 
251 3.52 26.94 48.27 3.00 1.00 4 1 2 4 8 
252 -46.59 -22.27 162.40 11.00 1.00 4 1 2 4 8 
253 -3.0 -0.55 205.29 10.00 1.00 4 1 2 4 8 
254 32.15 17.15 198.38 18.00 1.00 4 1 2 4 8 
255 32.02 13.01 297.98 20.00 1.00 4 1 2 4 8 
256 -6.63 29.89 242.01 24.00 1.00 4 1 2 4 8 
257 77.78 -25.4 46.89 16.00 1.00 4 1 2 4 8 
258 30.71 65.7 3.25 2.00 1.00 4 1 2 4 8 
259 -43.81 -43.04 232.36 14.00 1.00 4 1 2 4 8 
260 49.56 16.83 121.54 10.00 1.00 4 1 2 4 8 
261 -28.93 -0.44 258.28 22.00 1.00 4 1 2 4 8 
262 40.36 16.38 209.21 14.00 1.00 4 1 2 4 8 
263 22.75 40.67 105.99 15.00 1.00 4 1 2 4 8 
264 -1.47 6.57 157.60 7.00 1.00 4 1 2 4 8 
265 -1.19 16.86 330.06 20.00 1.00 4 1 2 4 8 
266 8.03 41.82 5.90 1.00 1.00 4 1 2 4 8 
267 -44.02 -22.78 479.67 24.00 1.00 4 1 2 4 8 
268 12.37 -11.35 532.08 22.00 1.00 4 1 2 4 8 
269 33.28 15.88 253.91 23.00 1.00 4 1 2 4 8 
270 -34.79 -15.05 382.93 20.00 1.00 4 1 2 4 8 
271 -96.86 -19.39 79.40 15.00 1.00 4 1 2 4 8 
272 38.43 -5.35 260.55 14.00 1.00 4 1 2 4 8 
273 -25.39 0.22 202.28 12.00 1.00 4 1 2 4 8 
274 0.85 -31.86 76.12 4.00 1.00 4 1 2 4 8 
275 -24.02 95.69 11.04 15.00 1.00 4 1 2 4 8 
276 -4.27 35.47 85.03 12.00 1.00 4 1 2 4 8 
277 -6.93 1.86 123.22 8.00 1.00 4 1 2 4 8 
278 -70.95 -3.22 27.11 2.00 1.00 4 1 2 4 8 
279 -32.65 -16.52 469.75 24.00 1.00 4 1 2 4 8 
280 42.86 -21.68 82.98 5.00 1.00 4 1 2 4 8 
281 5.18 6.4 169.72 8.00 1.00 4 1 2 4 8 
282 36.92 -4.99 221.77 21.00 1.00 4 1 2 4 8 
283 49.59 27.78 48.09 5.00 1.00 4 1 2 4 8 
284 45.04 10.79 286.59 16.00 1.00 4 1 2 4 8 
285 7.69 14.06 134.94 8.00 1.00 4 1 2 4 8 
286 -60.91 18.64 194.71 24.00 1.00 4 1 2 4 8 
287 -64.5 8.92 222.06 23.00 1.00 4 1 2 4 8 
