1 4 100 5
0 200
0 200
0 200
0 200
0 200
428 0
428 0
428 0
428 0
428 0
  0 35.0 35.0 0.00 0.00 0.00 0 
  1 41.0 49.0 51.31 10.00 1.00 5 1 2 4 8 16 
  2 35.0 17.0 46.71 7.00 1.00 5 1 2 4 8 16 
  3 55.0 45.0 48.50 13.00 2.00 3 5 10 20 
  4 55.0 20.0 78.96 19.00 2.00 3 5 10 20 
  5 15.0 30.0 159.69 26.00 3.00 3 11 21 26 
  6 25.0 30.0 20.28 3.00 1.00 5 1 2 4 8 16 
  7 20.0 50.0 17.56 5.00 1.00 5 1 2 4 8 16 
  8 10.0 43.0 26.00 9.00 1.00 5 1 2 4 8 16 
  9 55.0 60.0 38.47 16.00 2.00 3 5 10 20 
 10 30.0 60.0 41.34 16.00 2.00 3 5 10 20 
 11 20.0 65.0 31.26 12.00 2.00 3 5 10 20 
 12 50.0 35.0 87.76 19.00 2.00 3 5 10 20 
 13 30.0 25.0 130.69 23.00 2.00 3 5 10 20 
 14 15.0 10.0 82.20 20.00 2.00 3 5 10 20 
 15 30.0 5.0 21.72 8.00 1.00 5 1 2 4 8 16 
 16 10.0 20.0 99.70 19.00 2.00 3 5 10 20 
 17 5.0 30.0 5.80 2.00 1.00 5 1 2 4 8 16 
 18 20.0 40.0 66.87 12.00 2.00 3 5 10 20 
 19 15.0 60.0 48.74 17.00 2.00 3 5 10 20 
 20 45.0 65.0 28.95 9.00 1.00 5 1 2 4 8 16 
 21 45.0 20.0 39.29 11.00 2.00 3 5 10 20 
 22 45.0 10.0 69.24 18.00 2.00 3 5 10 20 
 23 55.0 5.0 69.47 29.00 3.00 3 11 21 26 
 24 65.0 35.0 7.23 3.00 1.00 5 1 2 4 8 16 
 25 65.0 20.0 9.61 6.00 1.00 5 1 2 4 8 16 
 26 45.0 30.0 69.55 17.00 2.00 3 5 10 20 
 27 35.0 40.0 53.42 16.00 2.00 3 5 10 20 
 28 41.0 37.0 59.04 16.00 2.00 3 5 10 20 
 29 64.0 42.0 29.07 9.00 1.00 5 1 2 4 8 16 
 30 40.0 60.0 104.55 21.00 2.00 3 5 10 20 
 31 31.0 52.0 91.05 27.00 3.00 3 11 21 26 
 32 35.0 69.0 41.05 23.00 2.00 3 5 10 20 
 33 53.0 52.0 61.49 11.00 2.00 3 5 10 20 
 34 65.0 55.0 32.90 14.00 2.00 3 5 10 20 
 35 63.0 65.0 18.69 8.00 1.00 5 1 2 4 8 16 
 36 2.0 60.0 6.33 5.00 1.00 5 1 2 4 8 16 
 37 20.0 20.0 46.26 8.00 1.00 5 1 2 4 8 16 
 38 5.0 5.0 16.95 16.00 2.00 3 5 10 20 
 39 60.0 12.0 70.11 31.00 3.00 3 11 21 26 
 40 40.0 25.0 35.61 9.00 1.00 5 1 2 4 8 16 
 41 42.0 7.0 15.14 5.00 1.00 5 1 2 4 8 16 
 42 24.0 12.0 27.14 5.00 1.00 5 1 2 4 8 16 
 43 23.0 3.0 11.13 7.00 1.00 5 1 2 4 8 16 
 44 11.0 14.0 63.32 18.00 2.00 3 5 10 20 
 45 6.0 38.0 47.55 16.00 2.00 3 5 10 20 
 46 2.0 48.0 1.18 1.00 1.00 5 1 2 4 8 16 
 47 8.0 56.0 42.00 27.00 3.00 3 11 21 26 
 48 13.0 52.0 128.86 36.00 3.00 3 11 21 26 
 49 6.0 68.0 49.07 30.00 3.00 3 11 21 26 
 50 47.0 47.0 53.10 13.00 2.00 3 5 10 20 
 51 49.0 58.0 28.33 10.00 1.00 5 1 2 4 8 16 
 52 27.0 43.0 30.06 9.00 1.00 5 1 2 4 8 16 
 53 37.0 31.0 51.21 14.00 2.00 3 5 10 20 
 54 57.0 29.0 38.00 18.00 2.00 3 5 10 20 
 55 63.0 23.0 2.39 2.00 1.00 5 1 2 4 8 16 
 56 53.0 12.0 16.94 6.00 1.00 5 1 2 4 8 16 
 57 32.0 12.0 34.54 7.00 1.00 5 1 2 4 8 16 
 58 36.0 26.0 111.35 18.00 2.00 3 5 10 20 
 59 21.0 24.0 140.51 28.00 3.00 3 11 21 26 
 60 17.0 34.0 16.59 3.00 1.00 5 1 2 4 8 16 
 61 12.0 24.0 47.36 13.00 2.00 3 5 10 20 
 62 24.0 58.0 57.40 19.00 2.00 3 5 10 20 
 63 27.0 69.0 27.43 10.00 1.00 5 1 2 4 8 16 
 64 15.0 77.0 8.02 9.00 1.00 5 1 2 4 8 16 
 65 62.0 77.0 14.18 20.00 2.00 3 5 10 20 
 66 49.0 73.0 33.81 25.00 2.00 3 5 10 20 
 67 67.0 5.0 25.10 25.00 2.00 3 5 10 20 
 68 56.0 39.0 107.76 36.00 3.00 3 11 21 26 
 69 37.0 47.0 22.73 6.00 1.00 5 1 2 4 8 16 
 70 37.0 56.0 19.14 5.00 1.00 5 1 2 4 8 16 
 71 57.0 68.0 27.24 15.00 2.00 3 5 10 20 
 72 47.0 16.0 81.45 25.00 2.00 3 5 10 20 
 73 44.0 17.0 28.64 9.00 1.00 5 1 2 4 8 16 
 74 46.0 13.0 20.30 8.00 1.00 5 1 2 4 8 16 
 75 49.0 11.0 54.93 18.00 2.00 3 5 10 20 
 76 49.0 42.0 57.06 13.00 2.00 3 5 10 20 
 77 53.0 43.0 51.41 14.00 2.00 3 5 10 20 
 78 61.0 52.0 11.92 3.00 1.00 5 1 2 4 8 16 
 79 57.0 48.0 98.03 23.00 2.00 3 5 10 20 
 80 56.0 37.0 22.62 6.00 1.00 5 1 2 4 8 16 
 81 55.0 54.0 111.65 26.00 3.00 3 11 21 26 
 82 15.0 47.0 37.94 16.00 2.00 3 5 10 20 
 83 14.0 37.0 40.99 11.00 2.00 3 5 10 20 
 84 11.0 31.0 44.01 7.00 1.00 5 1 2 4 8 16 
 85 16.0 22.0 167.31 41.00 3.00 3 11 21 26 
 86 4.0 18.0 131.22 35.00 3.00 3 11 21 26 
 87 28.0 18.0 102.01 26.00 3.00 3 11 21 26 
 88 26.0 52.0 38.14 9.00 1.00 5 1 2 4 8 16 
 89 26.0 35.0 74.83 15.00 2.00 3 5 10 20 
 90 31.0 67.0 6.40 3.00 1.00 5 1 2 4 8 16 
 91 15.0 19.0 4.35 1.00 1.00 5 1 2 4 8 16 
 92 22.0 22.0 10.68 2.00 1.00 5 1 2 4 8 16 
 93 18.0 24.0 127.05 22.00 2.00 3 5 10 20 
 94 26.0 27.0 169.94 27.00 3.00 3 11 21 26 
 95 25.0 24.0 117.41 20.00 2.00 3 5 10 20 
 96 22.0 27.0 65.16 11.00 2.00 3 5 10 20 
 97 25.0 21.0 50.87 12.00 2.00 3 5 10 20 
 98 19.0 21.0 79.42 10.00 1.00 5 1 2 4 8 16 
 99 20.0 26.0 52.91 9.00 1.00 5 1 2 4 8 16 
