1 5 75 2
0 140
0 140
458 0
458 0
  0 40.0 40.0 0.00 0.00 0.00 0 
  1 22.0 22.0 33.52 18.00 1.00 2 1 2 
  2 36.0 26.0 89.24 26.00 1.00 2 1 2 
  3 21.0 45.0 32.69 11.00 1.00 2 1 2 
  4 45.0 35.0 113.52 30.00 1.00 2 1 2 
  5 55.0 20.0 70.30 21.00 1.00 2 1 2 
  6 33.0 34.0 51.57 19.00 1.00 2 1 2 
  7 50.0 50.0 56.54 15.00 1.00 2 1 2 
  8 55.0 45.0 49.71 16.00 1.00 2 1 2 
  9 26.0 59.0 45.51 29.00 1.00 2 1 2 
 10 40.0 66.0 51.58 26.00 1.00 2 1 2 
 11 55.0 65.0 54.89 37.00 1.00 2 1 2 
 12 35.0 51.0 49.05 16.00 1.00 2 1 2 
 13 62.0 35.0 18.41 12.00 1.00 2 1 2 
 14 62.0 57.0 42.75 31.00 1.00 2 1 2 
 15 62.0 24.0 18.25 8.00 1.00 2 1 2 
 16 21.0 36.0 52.28 19.00 1.00 2 1 2 
 17 33.0 44.0 65.40 20.00 1.00 2 1 2 
 18 9.0 56.0 23.21 13.00 1.00 2 1 2 
 19 62.0 48.0 23.94 15.00 1.00 2 1 2 
 20 66.0 14.0 32.32 22.00 1.00 2 1 2 
 21 44.0 13.0 63.86 28.00 1.00 2 1 2 
 22 26.0 13.0 33.39 12.00 1.00 2 1 2 
 23 11.0 28.0 15.94 6.00 1.00 2 1 2 
 24 7.0 43.0 27.07 27.00 1.00 2 1 2 
 25 17.0 64.0 20.83 14.00 1.00 2 1 2 
 26 41.0 46.0 40.87 18.00 1.00 2 1 2 
 27 55.0 34.0 39.46 17.00 1.00 2 1 2 
 28 35.0 16.0 83.67 29.00 1.00 2 1 2 
 29 52.0 26.0 33.08 13.00 1.00 2 1 2 
 30 43.0 26.0 54.88 22.00 1.00 2 1 2 
 31 31.0 76.0 18.39 25.00 1.00 2 1 2 
 32 22.0 53.0 56.64 28.00 1.00 2 1 2 
 33 26.0 29.0 54.05 27.00 1.00 2 1 2 
 34 50.0 40.0 53.24 19.00 1.00 2 1 2 
 35 55.0 50.0 20.99 10.00 1.00 2 1 2 
 36 54.0 10.0 20.14 12.00 1.00 2 1 2 
 37 60.0 15.0 27.83 14.00 1.00 2 1 2 
 38 47.0 66.0 35.62 24.00 1.00 2 1 2 
 39 30.0 60.0 40.65 16.00 1.00 2 1 2 
 40 30.0 50.0 68.97 33.00 1.00 2 1 2 
 41 12.0 17.0 16.52 15.00 1.00 2 1 2 
 42 15.0 14.0 14.77 11.00 1.00 2 1 2 
 43 16.0 19.0 35.09 18.00 1.00 2 1 2 
 44 21.0 48.0 35.39 17.00 1.00 2 1 2 
 45 50.0 30.0 82.17 21.00 1.00 2 1 2 
 46 51.0 42.0 98.08 27.00 1.00 2 1 2 
 47 50.0 15.0 47.95 19.00 1.00 2 1 2 
 48 48.0 21.0 43.04 20.00 1.00 2 1 2 
 49 12.0 38.0 8.21 5.00 1.00 2 1 2 
 50 15.0 56.0 29.65 22.00 1.00 2 1 2 
 51 29.0 39.0 40.70 12.00 1.00 2 1 2 
 52 54.0 38.0 48.01 19.00 1.00 2 1 2 
 53 55.0 57.0 30.70 22.00 1.00 2 1 2 
 54 67.0 41.0 20.74 16.00 1.00 2 1 2 
 55 10.0 70.0 3.22 7.00 1.00 2 1 2 
 56 6.0 25.0 33.98 26.00 1.00 2 1 2 
 57 65.0 27.0 18.68 14.00 1.00 2 1 2 
 58 40.0 60.0 52.49 21.00 1.00 2 1 2 
 59 70.0 64.0 16.80 24.00 1.00 2 1 2 
 60 64.0 4.0 10.32 13.00 1.00 2 1 2 
 61 36.0 6.0 13.73 15.00 1.00 2 1 2 
 62 30.0 20.0 39.00 18.00 1.00 2 1 2 
 63 20.0 30.0 32.15 11.00 1.00 2 1 2 
 64 15.0 5.0 19.43 28.00 1.00 2 1 2 
 65 50.0 70.0 13.25 9.00 1.00 2 1 2 
 66 57.0 72.0 55.43 37.00 1.00 2 1 2 
 67 45.0 42.0 88.92 30.00 1.00 2 1 2 
 68 38.0 33.0 27.46 10.00 1.00 2 1 2 
 69 50.0 4.0 13.15 8.00 1.00 2 1 2 
 70 66.0 8.0 15.89 11.00 1.00 2 1 2 
 71 59.0 5.0 3.18 3.00 1.00 2 1 2 
 72 35.0 60.0 2.56 1.00 1.00 2 1 2 
 73 27.0 24.0 11.55 6.00 1.00 2 1 2 
 74 40.0 20.0 27.82 10.00 1.00 2 1 2 
