1 4 100 2
0 200
0 200
869 0
869 0
  0 35.0 35.0 0.00 0.00 0.00 0 
  1 41.0 49.0 42.23 10.00 1.00 2 1 2 
  2 35.0 17.0 33.04 7.00 1.00 2 1 2 
  3 55.0 45.0 49.59 13.00 1.00 2 1 2 
  4 55.0 20.0 65.46 19.00 1.00 2 1 2 
  5 15.0 30.0 105.20 26.00 1.00 2 1 2 
  6 25.0 30.0 13.24 3.00 1.00 2 1 2 
  7 20.0 50.0 18.67 5.00 1.00 2 1 2 
  8 10.0 43.0 17.82 9.00 1.00 2 1 2 
  9 55.0 60.0 60.15 16.00 1.00 2 1 2 
 10 30.0 60.0 38.84 16.00 1.00 2 1 2 
 11 20.0 65.0 33.95 12.00 1.00 2 1 2 
 12 50.0 35.0 105.96 19.00 1.00 2 1 2 
 13 30.0 25.0 129.35 23.00 1.00 2 1 2 
 14 15.0 10.0 77.75 20.00 1.00 2 1 2 
 15 30.0 5.0 11.56 8.00 1.00 2 1 2 
 16 10.0 20.0 108.22 19.00 1.00 2 1 2 
 17 5.0 30.0 6.40 2.00 1.00 2 1 2 
 18 20.0 40.0 40.95 12.00 1.00 2 1 2 
 19 15.0 60.0 33.74 17.00 1.00 2 1 2 
 20 45.0 65.0 30.50 9.00 1.00 2 1 2 
 21 45.0 20.0 43.38 11.00 1.00 2 1 2 
 22 45.0 10.0 70.60 18.00 1.00 2 1 2 
 23 55.0 5.0 59.03 29.00 1.00 2 1 2 
 24 65.0 35.0 6.51 3.00 1.00 2 1 2 
 25 65.0 20.0 9.54 6.00 1.00 2 1 2 
 26 45.0 30.0 67.75 17.00 1.00 2 1 2 
 27 35.0 40.0 70.55 16.00 1.00 2 1 2 
 28 41.0 37.0 47.50 16.00 1.00 2 1 2 
 29 64.0 42.0 24.47 9.00 1.00 2 1 2 
 30 40.0 60.0 91.81 21.00 1.00 2 1 2 
 31 31.0 52.0 96.89 27.00 1.00 2 1 2 
 32 35.0 69.0 36.26 23.00 1.00 2 1 2 
 33 53.0 52.0 37.73 11.00 1.00 2 1 2 
 34 65.0 55.0 38.21 14.00 1.00 2 1 2 
 35 63.0 65.0 21.92 8.00 1.00 2 1 2 
 36 2.0 60.0 7.92 5.00 1.00 2 1 2 
 37 20.0 20.0 39.67 8.00 1.00 2 1 2 
 38 5.0 5.0 13.59 16.00 1.00 2 1 2 
 39 60.0 12.0 67.43 31.00 1.00 2 1 2 
 40 40.0 25.0 34.65 9.00 1.00 2 1 2 
 41 42.0 7.0 10.17 5.00 1.00 2 1 2 
 42 24.0 12.0 24.04 5.00 1.00 2 1 2 
 43 23.0 3.0 6.91 7.00 1.00 2 1 2 
 44 11.0 14.0 80.95 18.00 1.00 2 1 2 
 45 6.0 38.0 50.42 16.00 1.00 2 1 2 
 46 2.0 48.0 2.21 1.00 1.00 2 1 2 
 47 8.0 56.0 57.23 27.00 1.00 2 1 2 
 48 13.0 52.0 103.61 36.00 1.00 2 1 2 
 49 6.0 68.0 32.88 30.00 1.00 2 1 2 
 50 47.0 47.0 56.48 13.00 1.00 2 1 2 
 51 49.0 58.0 52.13 10.00 1.00 2 1 2 
 52 27.0 43.0 32.45 9.00 1.00 2 1 2 
 53 37.0 31.0 64.88 14.00 1.00 2 1 2 
 54 57.0 29.0 64.10 18.00 1.00 2 1 2 
 55 63.0 23.0 2.44 2.00 1.00 2 1 2 
 56 53.0 12.0 12.11 6.00 1.00 2 1 2 
 57 32.0 12.0 37.55 7.00 1.00 2 1 2 
 58 36.0 26.0 120.99 18.00 1.00 2 1 2 
 59 21.0 24.0 180.02 28.00 1.00 2 1 2 
 60 17.0 34.0 23.07 3.00 1.00 2 1 2 
 61 12.0 24.0 62.80 13.00 1.00 2 1 2 
 62 24.0 58.0 80.54 19.00 1.00 2 1 2 
 63 27.0 69.0 27.55 10.00 1.00 2 1 2 
 64 15.0 77.0 6.78 9.00 1.00 2 1 2 
 65 62.0 77.0 21.39 20.00 1.00 2 1 2 
 66 49.0 73.0 58.55 25.00 1.00 2 1 2 
 67 67.0 5.0 33.19 25.00 1.00 2 1 2 
 68 56.0 39.0 101.22 36.00 1.00 2 1 2 
 69 37.0 47.0 29.81 6.00 1.00 2 1 2 
 70 37.0 56.0 20.53 5.00 1.00 2 1 2 
 71 57.0 68.0 27.39 15.00 1.00 2 1 2 
 72 47.0 16.0 76.99 25.00 1.00 2 1 2 
 73 44.0 17.0 25.63 9.00 1.00 2 1 2 
 74 46.0 13.0 33.02 8.00 1.00 2 1 2 
 75 49.0 11.0 48.76 18.00 1.00 2 1 2 
 76 49.0 42.0 47.11 13.00 1.00 2 1 2 
 77 53.0 43.0 61.74 14.00 1.00 2 1 2 
 78 61.0 52.0 12.41 3.00 1.00 2 1 2 
 79 57.0 48.0 86.57 23.00 1.00 2 1 2 
 80 56.0 37.0 22.88 6.00 1.00 2 1 2 
 81 55.0 54.0 115.36 26.00 1.00 2 1 2 
 82 15.0 47.0 53.20 16.00 1.00 2 1 2 
 83 14.0 37.0 42.85 11.00 1.00 2 1 2 
 84 11.0 31.0 32.97 7.00 1.00 2 1 2 
 85 16.0 22.0 155.99 41.00 1.00 2 1 2 
 86 4.0 18.0 109.34 35.00 1.00 2 1 2 
 87 28.0 18.0 159.09 26.00 1.00 2 1 2 
 88 26.0 52.0 33.60 9.00 1.00 2 1 2 
 89 26.0 35.0 105.99 15.00 1.00 2 1 2 
 90 31.0 67.0 7.62 3.00 1.00 2 1 2 
 91 15.0 19.0 4.72 1.00 1.00 2 1 2 
 92 22.0 22.0 12.90 2.00 1.00 2 1 2 
 93 18.0 24.0 111.48 22.00 1.00 2 1 2 
 94 26.0 27.0 211.69 27.00 1.00 2 1 2 
 95 25.0 24.0 127.31 20.00 1.00 2 1 2 
 96 22.0 27.0 44.48 11.00 1.00 2 1 2 
 97 25.0 21.0 80.91 12.00 1.00 2 1 2 
 98 19.0 21.0 54.74 10.00 1.00 2 1 2 
 99 20.0 26.0 63.47 9.00 1.00 2 1 2 
