1 9 153 6
0 20
0 20
0 20
0 20
0 20
0 20
233 0
233 0
233 0
233 0
233 0
233 0
  0 0.0 0.0 0.00 0.00 0.00 0 
  1 57.74 0.0 439.69 4.00 6.00 1 63 
  2 28.87 50.0 402.62 4.00 6.00 1 63 
  3 -28.87 50.0 502.10 4.00 6.00 1 63 
  4 -57.74 0.0 544.97 4.00 6.00 1 63 
  5 -28.87 -50.0 373.37 4.00 6.00 1 63 
  6 28.87 -50.0 434.93 4.00 6.00 1 63 
  7 288.68 0.0 282.44 4.00 6.00 1 63 
  8 144.34 250.0 352.43 4.00 6.00 1 63 
  9 -144.34 250.0 322.43 4.00 6.00 1 63 
 10 -288.68 0.0 298.59 4.00 6.00 1 63 
 11 -144.34 -250.0 288.86 4.00 6.00 1 63 
 12 144.34 -250.0 299.35 4.00 6.00 1 63 
 13 866.03 0.0 10.75 4.00 6.00 1 63 
 14 433.01 750.0 19.87 4.00 6.00 1 63 
 15 -433.01 750.0 15.68 4.00 6.00 1 63 
 16 -866.03 0.0 12.93 4.00 6.00 1 63 
 17 -433.01 -750.0 11.40 4.00 6.00 1 63 
 18 433.01 -750.0 18.67 4.00 6.00 1 63 
 19 86.6 50.0 296.61 3.00 2.00 3 9 18 36 
 20 0.0 100.0 311.07 3.00 2.00 3 9 18 36 
 21 -86.6 50.0 279.81 3.00 2.00 3 9 18 36 
 22 -86.6 -50.0 343.39 3.00 2.00 3 9 18 36 
 23 -0.0 -100.0 210.28 3.00 2.00 3 9 18 36 
 24 86.6 -50.0 345.92 3.00 2.00 3 9 18 36 
 25 0.0 40.0 261.89 3.00 2.00 3 9 18 36 
 26 -34.64 -20.0 381.30 3.00 2.00 3 9 18 36 
 27 34.64 -20.0 379.71 3.00 2.00 3 9 18 36 
 28 433.01 250.0 53.70 3.00 2.00 3 9 18 36 
 29 0.0 500.0 54.86 3.00 2.00 3 9 18 36 
 30 -433.01 250.0 49.25 3.00 2.00 3 9 18 36 
 31 -433.01 -250.0 68.75 3.00 2.00 3 9 18 36 
 32 -0.0 -500.0 33.06 3.00 2.00 3 9 18 36 
 33 433.01 -250.0 62.00 3.00 2.00 3 9 18 36 
 34 0.0 200.0 217.47 3.00 2.00 3 9 18 36 
 35 -173.21 -100.0 342.19 3.00 2.00 3 9 18 36 
 36 173.21 -100.0 372.01 3.00 2.00 3 9 18 36 
 37 1299.04 750.0 4.69 3.00 2.00 3 9 18 36 
 38 0.0 1500.0 4.95 3.00 2.00 3 9 18 36 
 39 -1299.04 750.0 4.22 3.00 2.00 3 9 18 36 
 40 -1299.04 -750.0 2.83 3.00 2.00 3 9 18 36 
 41 -0.0 -1500.0 4.94 3.00 2.00 3 9 18 36 
 42 1299.04 -750.0 3.69 3.00 2.00 3 9 18 36 
 43 0.0 600.0 52.62 3.00 2.00 3 9 18 36 
 44 -519.62 -300.0 38.20 3.00 2.00 3 9 18 36 
 45 519.62 -300.0 53.60 3.00 2.00 3 9 18 36 
 46 67.17 27.89 275.32 2.00 1.00 6 1 2 4 8 16 32 
 47 77.17 22.11 266.50 2.00 1.00 6 1 2 4 8 16 32 
 48 57.74 55.77 187.42 2.00 1.00 6 1 2 4 8 16 32 
 49 57.74 44.23 147.92 2.00 1.00 6 1 2 4 8 16 32 
 50 19.43 77.89 184.82 2.00 1.00 6 1 2 4 8 16 32 
 51 9.43 72.11 155.90 2.00 1.00 6 1 2 4 8 16 32 
 52 -19.43 77.89 216.69 2.00 1.00 6 1 2 4 8 16 32 
 53 -9.43 72.11 196.01 2.00 1.00 6 1 2 4 8 16 32 
 54 -57.74 55.77 193.33 2.00 1.00 6 1 2 4 8 16 32 
 55 -57.74 44.23 263.54 2.00 1.00 6 1 2 4 8 16 32 
 56 -67.17 27.89 229.92 2.00 1.00 6 1 2 4 8 16 32 
 57 -77.17 22.11 142.06 2.00 1.00 6 1 2 4 8 16 32 
 58 -77.17 -22.11 168.27 2.00 1.00 6 1 2 4 8 16 32 
 59 -67.17 -27.89 162.53 2.00 1.00 6 1 2 4 8 16 32 
 60 -57.74 -44.23 232.72 2.00 1.00 6 1 2 4 8 16 32 
 61 -57.74 -55.77 181.44 2.00 1.00 6 1 2 4 8 16 32 
 62 -9.43 -72.11 262.61 2.00 1.00 6 1 2 4 8 16 32 
 63 -19.43 -77.89 213.60 2.00 1.00 6 1 2 4 8 16 32 
 64 9.43 -72.11 256.07 2.00 1.00 6 1 2 4 8 16 32 
 65 19.43 -77.89 166.83 2.00 1.00 6 1 2 4 8 16 32 
 66 57.74 -44.23 221.93 2.00 1.00 6 1 2 4 8 16 32 
 67 57.74 -55.77 252.17 2.00 1.00 6 1 2 4 8 16 32 
 68 77.17 -22.11 253.92 2.00 1.00 6 1 2 4 8 16 32 
 69 67.17 -27.89 158.15 2.00 1.00 6 1 2 4 8 16 32 
 70 13.43 47.89 217.74 2.00 1.00 6 1 2 4 8 16 32 
 71 15.43 42.11 234.03 2.00 1.00 6 1 2 4 8 16 32 
 72 -13.43 47.89 256.57 2.00 1.00 6 1 2 4 8 16 32 
 73 -15.43 42.11 150.83 2.00 1.00 6 1 2 4 8 16 32 
 74 -44.19 -7.69 163.96 2.00 1.00 6 1 2 4 8 16 32 
 75 -48.19 -12.31 249.45 2.00 1.00 6 1 2 4 8 16 32 
 76 -28.75 -34.42 167.30 2.00 1.00 6 1 2 4 8 16 32 
 77 -34.75 -35.58 208.50 2.00 1.00 6 1 2 4 8 16 32 
 78 28.75 -34.42 242.66 2.00 1.00 6 1 2 4 8 16 32 
 79 34.75 -35.58 151.54 2.00 1.00 6 1 2 4 8 16 32 
 80 44.19 -7.69 218.89 2.00 1.00 6 1 2 4 8 16 32 
 81 48.19 -12.31 153.69 2.00 1.00 6 1 2 4 8 16 32 
 82 335.84 139.43 122.48 2.00 1.00 6 1 2 4 8 16 32 
 83 385.84 110.57 83.01 2.00 1.00 6 1 2 4 8 16 32 
 84 288.68 278.87 65.00 2.00 1.00 6 1 2 4 8 16 32 
 85 288.68 221.13 97.00 2.00 1.00 6 1 2 4 8 16 32 
 86 97.17 389.43 93.86 2.00 1.00 6 1 2 4 8 16 32 
 87 47.17 360.57 142.52 2.00 1.00 6 1 2 4 8 16 32 
 88 -97.17 389.43 118.65 2.00 1.00 6 1 2 4 8 16 32 
 89 -47.17 360.57 146.29 2.00 1.00 6 1 2 4 8 16 32 
 90 -288.68 278.87 104.02 2.00 1.00 6 1 2 4 8 16 32 
 91 -288.68 221.13 100.41 2.00 1.00 6 1 2 4 8 16 32 
 92 -335.84 139.43 121.22 2.00 1.00 6 1 2 4 8 16 32 
 93 -385.84 110.57 97.85 2.00 1.00 6 1 2 4 8 16 32 
 94 -385.84 -110.57 104.81 2.00 1.00 6 1 2 4 8 16 32 
 95 -335.84 -139.43 121.60 2.00 1.00 6 1 2 4 8 16 32 
 96 -288.68 -221.13 123.65 2.00 1.00 6 1 2 4 8 16 32 
 97 -288.68 -278.87 117.39 2.00 1.00 6 1 2 4 8 16 32 
 98 -47.17 -360.57 147.34 2.00 1.00 6 1 2 4 8 16 32 
 99 -97.17 -389.43 55.09 2.00 1.00 6 1 2 4 8 16 32 
100 47.17 -360.57 88.40 2.00 1.00 6 1 2 4 8 16 32 
101 97.17 -389.43 66.19 2.00 1.00 6 1 2 4 8 16 32 
102 288.68 -221.13 117.21 2.00 1.00 6 1 2 4 8 16 32 
103 288.68 -278.87 100.99 2.00 1.00 6 1 2 4 8 16 32 
104 385.84 -110.57 76.19 2.00 1.00 6 1 2 4 8 16 32 
105 335.84 -139.43 107.06 2.00 1.00 6 1 2 4 8 16 32 
106 67.17 239.43 132.77 2.00 1.00 6 1 2 4 8 16 32 
107 77.17 210.57 153.95 2.00 1.00 6 1 2 4 8 16 32 
108 -67.17 239.43 129.72 2.00 1.00 6 1 2 4 8 16 32 
109 -77.17 210.57 223.42 2.00 1.00 6 1 2 4 8 16 32 
110 -220.94 -38.45 222.56 2.00 1.00 6 1 2 4 8 16 32 
111 -240.94 -61.55 215.08 2.00 1.00 6 1 2 4 8 16 32 
112 -143.77 -172.11 145.18 2.00 1.00 6 1 2 4 8 16 32 
113 -173.77 -177.89 252.42 2.00 1.00 6 1 2 4 8 16 32 
114 143.77 -172.11 200.07 2.00 1.00 6 1 2 4 8 16 32 
115 173.77 -177.89 164.60 2.00 1.00 6 1 2 4 8 16 32 
116 220.94 -38.45 167.53 2.00 1.00 6 1 2 4 8 16 32 
117 240.94 -61.55 251.22 2.00 1.00 6 1 2 4 8 16 32 
118 1007.53 418.3 7.32 2.00 1.00 6 1 2 4 8 16 32 
119 1157.53 331.7 4.62 2.00 1.00 6 1 2 4 8 16 32 
120 866.03 836.6 5.91 2.00 1.00 6 1 2 4 8 16 32 
121 866.03 663.4 8.72 2.00 1.00 6 1 2 4 8 16 32 
122 291.51 1168.3 3.69 2.00 1.00 6 1 2 4 8 16 32 
123 141.51 1081.7 10.16 2.00 1.00 6 1 2 4 8 16 32 
124 -291.51 1168.3 3.64 2.00 1.00 6 1 2 4 8 16 32 
125 -141.51 1081.7 10.56 2.00 1.00 6 1 2 4 8 16 32 
126 -866.03 836.6 6.09 2.00 1.00 6 1 2 4 8 16 32 
127 -866.03 663.4 8.31 2.00 1.00 6 1 2 4 8 16 32 
128 -1007.53 418.3 5.60 2.00 1.00 6 1 2 4 8 16 32 
129 -1157.53 331.7 4.53 2.00 1.00 6 1 2 4 8 16 32 
130 -1157.53 -331.7 6.31 2.00 1.00 6 1 2 4 8 16 32 
131 -1007.53 -418.3 11.38 2.00 1.00 6 1 2 4 8 16 32 
132 -866.03 -663.4 11.77 2.00 1.00 6 1 2 4 8 16 32 
133 -866.03 -836.6 4.72 2.00 1.00 6 1 2 4 8 16 32 
134 -141.51 -1081.7 8.49 2.00 1.00 6 1 2 4 8 16 32 
135 -291.51 -1168.3 6.15 2.00 1.00 6 1 2 4 8 16 32 
136 141.51 -1081.7 8.55 2.00 1.00 6 1 2 4 8 16 32 
137 291.51 -1168.3 4.72 2.00 1.00 6 1 2 4 8 16 32 
138 866.03 -663.4 12.61 2.00 1.00 6 1 2 4 8 16 32 
139 866.03 -836.6 4.68 2.00 1.00 6 1 2 4 8 16 32 
140 1157.53 -331.7 4.78 2.00 1.00 6 1 2 4 8 16 32 
141 1007.53 -418.3 7.25 2.00 1.00 6 1 2 4 8 16 32 
142 201.51 718.3 16.37 2.00 1.00 6 1 2 4 8 16 32 
143 231.51 631.7 20.71 2.00 1.00 6 1 2 4 8 16 32 
144 -201.51 718.3 17.30 2.00 1.00 6 1 2 4 8 16 32 
145 -231.51 631.7 22.32 2.00 1.00 6 1 2 4 8 16 32 
146 -662.82 -115.36 18.91 2.00 1.00 6 1 2 4 8 16 32 
147 -722.82 -184.64 17.35 2.00 1.00 6 1 2 4 8 16 32 
148 -431.31 -516.34 15.75 2.00 1.00 6 1 2 4 8 16 32 
149 -521.31 -533.66 22.15 2.00 1.00 6 1 2 4 8 16 32 
150 431.31 -516.34 14.27 2.00 1.00 6 1 2 4 8 16 32 
151 521.31 -533.66 21.41 2.00 1.00 6 1 2 4 8 16 32 
152 662.82 -115.36 13.75 2.00 1.00 6 1 2 4 8 16 32 
