1 4 96 4
480 195
480 195
480 195
480 195
439 0
439 0
439 0
439 0
  0 30.22 24.79 0.00 0.00 0.00 0 
  1 33.59 30.75 22.28 4.00 4.00 1 15 
  2 48.83 65.31 33.38 12.00 4.00 1 15 
  3 86.18 59.34 8.49 3.00 4.00 1 15 
  4 39.27 -33.06 51.27 15.00 4.00 1 15 
  5 -23.37 86.85 6.06 13.00 4.00 1 15 
  6 48.13 95.59 48.80 20.00 4.00 1 15 
  7 -16.36 93.31 7.77 21.00 4.00 1 15 
  8 -57.7 -65.6 0.77 4.00 4.00 1 15 
  9 7.15 32.68 136.42 25.00 4.00 1 15 
 10 42.95 68.7 65.97 21.00 4.00 1 15 
 11 37.09 -2.11 48.86 7.00 4.00 1 15 
 12 77.76 55.82 9.18 3.00 4.00 1 15 
 13 -17.46 -56.57 2.22 9.00 4.00 1 15 
 14 58.58 59.89 15.69 5.00 4.00 1 15 
 15 57.78 15.34 83.87 20.00 4.00 1 15 
 16 -22.33 36.07 70.27 21.00 4.00 1 15 
 17 -7.08 30.49 87.47 19.00 4.00 1 15 
 18 55.66 60.43 12.20 2.00 4.00 1 15 
 19 -14.31 11.46 54.79 16.00 4.00 1 15 
 20 -29.72 24.27 46.03 18.00 4.00 1 15 
 21 43.22 0.74 113.23 24.00 4.00 1 15 
 22 45.18 35.47 204.12 24.00 4.00 1 15 
 23 64.48 2.24 27.93 8.00 4.00 1 15 
 24 55.08 72.24 55.55 16.00 4.00 1 15 
 25 16.93 15.74 202.79 19.00 2.00 2 5 10 
 26 45.04 -3.72 55.77 12.00 2.00 2 5 10 
 27 -76.78 5.94 5.68 9.00 2.00 2 5 10 
 28 36.17 0.26 25.73 3.00 2.00 2 5 10 
 29 29.22 8.94 128.33 15.00 2.00 2 5 10 
 30 65.06 5.23 10.81 4.00 2.00 2 5 10 
 31 42.18 -22.28 83.42 24.00 2.00 2 5 10 
 32 25.57 31.73 145.83 22.00 2.00 2 5 10 
 33 31.56 37.26 62.07 14.00 2.00 2 5 10 
 34 66.5 -54.17 4.16 11.00 2.00 2 5 10 
 35 46.58 -17.94 93.43 20.00 2.00 2 5 10 
 36 65.06 40.88 13.87 5.00 2.00 2 5 10 
 37 -2.72 24.77 59.37 11.00 2.00 2 5 10 
 38 -40.0 3.87 21.40 12.00 2.00 2 5 10 
 39 -73.51 57.04 2.20 7.00 2.00 2 5 10 
 40 81.15 -25.71 0.59 1.00 2.00 2 5 10 
 41 12.01 -7.97 142.45 23.00 2.00 2 5 10 
 42 42.76 38.09 97.52 13.00 2.00 2 5 10 
 43 3.86 -23.18 7.53 4.00 2.00 2 5 10 
 44 -7.37 24.39 146.24 23.00 2.00 2 5 10 
 45 35.94 -11.84 77.68 17.00 2.00 2 5 10 
 46 52.08 9.69 106.74 13.00 2.00 2 5 10 
 47 30.73 30.7 42.11 9.00 2.00 2 5 10 
 48 41.22 77.92 25.49 10.00 2.00 2 5 10 
 49 68.88 -40.55 15.59 22.00 1.00 4 1 2 4 8 
 50 76.31 86.67 39.52 21.00 1.00 4 1 2 4 8 
 51 63.93 78.54 37.89 13.00 1.00 4 1 2 4 8 
 52 29.15 -9.96 133.13 25.00 1.00 4 1 2 4 8 
 53 85.52 39.95 16.85 8.00 1.00 4 1 2 4 8 
 54 31.78 3.87 200.89 20.00 1.00 4 1 2 4 8 
 55 -20.54 19.09 8.64 3.00 1.00 4 1 2 4 8 
 56 55.35 43.82 26.46 4.00 1.00 4 1 2 4 8 
 57 35.41 10.28 126.98 13.00 1.00 4 1 2 4 8 
 58 25.46 -0.29 105.79 18.00 1.00 4 1 2 4 8 
 59 12.4 0.24 5.55 1.00 1.00 4 1 2 4 8 
 60 18.36 20.92 64.33 10.00 1.00 4 1 2 4 8 
 61 27.96 -15.04 96.59 16.00 1.00 4 1 2 4 8 
 62 -3.19 19.88 65.25 9.00 1.00 4 1 2 4 8 
 63 9.33 -41.35 9.93 13.00 1.00 4 1 2 4 8 
 64 -20.58 38.18 70.07 23.00 1.00 4 1 2 4 8 
 65 27.82 28.73 64.70 14.00 1.00 4 1 2 4 8 
 66 59.03 42.31 19.85 5.00 1.00 4 1 2 4 8 
 67 56.31 58.73 5.14 1.00 1.00 4 1 2 4 8 
 68 -51.65 -0.34 8.30 6.00 1.00 4 1 2 4 8 
 69 2.58 32.72 93.36 20.00 1.00 4 1 2 4 8 
 70 15.13 -3.05 68.42 10.00 1.00 4 1 2 4 8 
 71 66.6 34.94 68.43 19.00 1.00 4 1 2 4 8 
 72 19.48 20.14 133.98 24.00 1.00 4 1 2 4 8 
 73 -1.17 20.65 19.19 3.00 1.00 4 1 2 4 8 
 74 -21.2 13.66 17.86 5.00 1.00 4 1 2 4 8 
 75 98.85 1.26 5.15 13.00 1.00 4 1 2 4 8 
 76 82.59 72.0 12.75 5.00 1.00 4 1 2 4 8 
 77 30.02 -30.9 14.90 4.00 1.00 4 1 2 4 8 
 78 33.23 41.66 44.90 12.00 1.00 4 1 2 4 8 
 79 39.49 -8.54 54.02 11.00 1.00 4 1 2 4 8 
 80 54.5 70.81 71.63 20.00 1.00 4 1 2 4 8 
 81 3.06 10.25 71.14 13.00 1.00 4 1 2 4 8 
 82 51.83 -16.87 3.96 1.00 1.00 4 1 2 4 8 
 83 76.42 11.35 7.28 3.00 1.00 4 1 2 4 8 
 84 5.24 0.24 12.32 2.00 1.00 4 1 2 4 8 
 85 50.59 34.25 106.73 23.00 1.00 4 1 2 4 8 
 86 -5.23 -2.08 28.36 8.00 1.00 4 1 2 4 8 
 87 24.19 25.84 214.48 25.00 1.00 4 1 2 4 8 
 88 33.63 37.59 79.58 18.00 1.00 4 1 2 4 8 
 89 31.45 -7.0 31.82 4.00 1.00 4 1 2 4 8 
 90 30.71 -28.17 15.43 5.00 1.00 4 1 2 4 8 
 91 49.86 1.04 128.78 21.00 1.00 4 1 2 4 8 
 92 -35.77 14.14 55.54 23.00 1.00 4 1 2 4 8 
 93 -29.31 4.89 57.43 19.00 1.00 4 1 2 4 8 
 94 19.05 41.97 9.38 2.00 1.00 4 1 2 4 8 
 95 27.6 13.93 254.32 21.00 1.00 4 1 2 4 8 
