1 5 100 5
0 200
0 200
0 200
0 200
0 200
378 0
378 0
378 0
378 0
378 0
  0 35.0 35.0 0.00 0.00 0.00 0 
  1 41.0 49.0 43.96 10.00 1.00 5 1 2 4 8 16 
  2 35.0 17.0 49.80 7.00 1.00 5 1 2 4 8 16 
  3 55.0 45.0 53.20 13.00 2.00 3 5 10 20 
  4 55.0 20.0 79.59 19.00 2.00 3 5 10 20 
  5 15.0 30.0 107.94 26.00 5.00 1 31 
  6 25.0 30.0 17.50 3.00 1.00 5 1 2 4 8 16 
  7 20.0 50.0 12.47 5.00 1.00 5 1 2 4 8 16 
  8 10.0 43.0 20.45 9.00 1.00 5 1 2 4 8 16 
  9 55.0 60.0 32.05 16.00 2.00 3 5 10 20 
 10 30.0 60.0 65.85 16.00 2.00 3 5 10 20 
 11 20.0 65.0 42.81 12.00 2.00 3 5 10 20 
 12 50.0 35.0 76.85 19.00 2.00 3 5 10 20 
 13 30.0 25.0 160.36 23.00 2.00 3 5 10 20 
 14 15.0 10.0 102.88 20.00 2.00 3 5 10 20 
 15 30.0 5.0 18.18 8.00 1.00 5 1 2 4 8 16 
 16 10.0 20.0 83.30 19.00 2.00 3 5 10 20 
 17 5.0 30.0 5.82 2.00 1.00 5 1 2 4 8 16 
 18 20.0 40.0 73.22 12.00 2.00 3 5 10 20 
 19 15.0 60.0 49.55 17.00 2.00 3 5 10 20 
 20 45.0 65.0 16.42 9.00 1.00 5 1 2 4 8 16 
 21 45.0 20.0 44.73 11.00 2.00 3 5 10 20 
 22 45.0 10.0 52.31 18.00 2.00 3 5 10 20 
 23 55.0 5.0 62.22 29.00 5.00 1 31 
 24 65.0 35.0 6.25 3.00 1.00 5 1 2 4 8 16 
 25 65.0 20.0 8.92 6.00 1.00 5 1 2 4 8 16 
 26 45.0 30.0 56.70 17.00 2.00 3 5 10 20 
 27 35.0 40.0 85.62 16.00 2.00 3 5 10 20 
 28 41.0 37.0 71.74 16.00 2.00 3 5 10 20 
 29 64.0 42.0 25.80 9.00 1.00 5 1 2 4 8 16 
 30 40.0 60.0 81.22 21.00 2.00 3 5 10 20 
 31 31.0 52.0 102.89 27.00 5.00 1 31 
 32 35.0 69.0 60.03 23.00 2.00 3 5 10 20 
 33 53.0 52.0 41.01 11.00 2.00 3 5 10 20 
 34 65.0 55.0 26.04 14.00 2.00 3 5 10 20 
 35 63.0 65.0 13.79 8.00 1.00 5 1 2 4 8 16 
 36 2.0 60.0 4.86 5.00 1.00 5 1 2 4 8 16 
 37 20.0 20.0 32.63 8.00 1.00 5 1 2 4 8 16 
 38 5.0 5.0 16.67 16.00 2.00 3 5 10 20 
 39 60.0 12.0 75.38 31.00 5.00 1 31 
 40 40.0 25.0 47.47 9.00 1.00 5 1 2 4 8 16 
 41 42.0 7.0 14.95 5.00 1.00 5 1 2 4 8 16 
 42 24.0 12.0 27.97 5.00 1.00 5 1 2 4 8 16 
 43 23.0 3.0 13.21 7.00 1.00 5 1 2 4 8 16 
 44 11.0 14.0 86.62 18.00 2.00 3 5 10 20 
 45 6.0 38.0 48.40 16.00 2.00 3 5 10 20 
 46 2.0 48.0 2.04 1.00 1.00 5 1 2 4 8 16 
 47 8.0 56.0 46.28 27.00 5.00 1 31 
 48 13.0 52.0 112.81 36.00 5.00 1 31 
 49 6.0 68.0 37.68 30.00 5.00 1 31 
 50 47.0 47.0 46.72 13.00 2.00 3 5 10 20 
 51 49.0 58.0 29.11 10.00 1.00 5 1 2 4 8 16 
 52 27.0 43.0 51.03 9.00 1.00 5 1 2 4 8 16 
 53 37.0 31.0 60.56 14.00 2.00 3 5 10 20 
 54 57.0 29.0 72.67 18.00 2.00 3 5 10 20 
 55 63.0 23.0 3.44 2.00 1.00 5 1 2 4 8 16 
 56 53.0 12.0 11.87 6.00 1.00 5 1 2 4 8 16 
 57 32.0 12.0 26.47 7.00 1.00 5 1 2 4 8 16 
 58 36.0 26.0 67.08 18.00 2.00 3 5 10 20 
 59 21.0 24.0 128.52 28.00 5.00 1 31 
 60 17.0 34.0 20.09 3.00 1.00 5 1 2 4 8 16 
 61 12.0 24.0 76.44 13.00 2.00 3 5 10 20 
 62 24.0 58.0 67.86 19.00 2.00 3 5 10 20 
 63 27.0 69.0 15.55 10.00 1.00 5 1 2 4 8 16 
 64 15.0 77.0 9.67 9.00 1.00 5 1 2 4 8 16 
 65 62.0 77.0 14.30 20.00 2.00 3 5 10 20 
 66 49.0 73.0 61.10 25.00 2.00 3 5 10 20 
 67 67.0 5.0 20.38 25.00 2.00 3 5 10 20 
 68 56.0 39.0 156.88 36.00 5.00 1 31 
 69 37.0 47.0 29.20 6.00 1.00 5 1 2 4 8 16 
 70 37.0 56.0 15.90 5.00 1.00 5 1 2 4 8 16 
 71 57.0 68.0 40.51 15.00 2.00 3 5 10 20 
 72 47.0 16.0 110.09 25.00 2.00 3 5 10 20 
 73 44.0 17.0 39.02 9.00 1.00 5 1 2 4 8 16 
 74 46.0 13.0 27.87 8.00 1.00 5 1 2 4 8 16 
 75 49.0 11.0 46.14 18.00 2.00 3 5 10 20 
 76 49.0 42.0 65.28 13.00 2.00 3 5 10 20 
 77 53.0 43.0 69.70 14.00 2.00 3 5 10 20 
 78 61.0 52.0 7.05 3.00 1.00 5 1 2 4 8 16 
 79 57.0 48.0 84.35 23.00 2.00 3 5 10 20 
 80 56.0 37.0 22.76 6.00 1.00 5 1 2 4 8 16 
 81 55.0 54.0 65.64 26.00 5.00 1 31 
 82 15.0 47.0 57.87 16.00 2.00 3 5 10 20 
 83 14.0 37.0 55.73 11.00 2.00 3 5 10 20 
 84 11.0 31.0 38.06 7.00 1.00 5 1 2 4 8 16 
 85 16.0 22.0 157.18 41.00 5.00 1 31 
 86 4.0 18.0 105.99 35.00 5.00 1 31 
 87 28.0 18.0 138.83 26.00 5.00 1 31 
 88 26.0 52.0 21.27 9.00 1.00 5 1 2 4 8 16 
 89 26.0 35.0 108.41 15.00 2.00 3 5 10 20 
 90 31.0 67.0 7.56 3.00 1.00 5 1 2 4 8 16 
 91 15.0 19.0 6.86 1.00 1.00 5 1 2 4 8 16 
 92 22.0 22.0 13.75 2.00 1.00 5 1 2 4 8 16 
 93 18.0 24.0 119.64 22.00 2.00 3 5 10 20 
 94 26.0 27.0 219.31 27.00 5.00 1 31 
 95 25.0 24.0 92.21 20.00 2.00 3 5 10 20 
 96 22.0 27.0 46.34 11.00 2.00 3 5 10 20 
 97 25.0 21.0 91.44 12.00 2.00 3 5 10 20 
 98 19.0 21.0 40.53 10.00 1.00 5 1 2 4 8 16 
 99 20.0 26.0 57.27 9.00 1.00 5 1 2 4 8 16 
