1 3 51 6
0 20
0 20
0 20
0 20
0 20
0 20
95 0
95 0
95 0
95 0
95 0
95 0
  0 0.0 0.0 0.00 0.00 0.00 0 
  1 57.74 0.0 51.36 4.00 6.00 1 63 
  2 28.87 50.0 41.06 4.00 6.00 1 63 
  3 -28.87 50.0 39.61 4.00 6.00 1 63 
  4 -57.74 0.0 68.71 4.00 6.00 1 63 
  5 -28.87 -50.0 53.17 4.00 6.00 1 63 
  6 28.87 -50.0 47.61 4.00 6.00 1 63 
  7 86.6 50.0 23.76 3.00 2.00 3 9 18 36 
  8 0.0 100.0 19.03 3.00 2.00 3 9 18 36 
  9 -86.6 50.0 23.43 3.00 2.00 3 9 18 36 
 10 -86.6 -50.0 19.83 3.00 2.00 3 9 18 36 
 11 -0.0 -100.0 24.94 3.00 2.00 3 9 18 36 
 12 86.6 -50.0 13.04 3.00 2.00 3 9 18 36 
 13 0.0 40.0 30.91 3.00 2.00 3 9 18 36 
 14 -34.64 -20.0 51.65 3.00 2.00 3 9 18 36 
 15 34.64 -20.0 41.09 3.00 2.00 3 9 18 36 
 16 67.17 27.89 26.71 2.00 1.00 6 1 2 4 8 16 32 
 17 77.17 22.11 18.87 2.00 1.00 6 1 2 4 8 16 32 
 18 57.74 55.77 25.65 2.00 1.00 6 1 2 4 8 16 32 
 19 57.74 44.23 23.73 2.00 1.00 6 1 2 4 8 16 32 
 20 19.43 77.89 22.26 2.00 1.00 6 1 2 4 8 16 32 
 21 9.43 72.11 32.57 2.00 1.00 6 1 2 4 8 16 32 
 22 -19.43 77.89 19.74 2.00 1.00 6 1 2 4 8 16 32 
 23 -9.43 72.11 29.10 2.00 1.00 6 1 2 4 8 16 32 
 24 -57.74 55.77 19.53 2.00 1.00 6 1 2 4 8 16 32 
 25 -57.74 44.23 24.36 2.00 1.00 6 1 2 4 8 16 32 
 26 -67.17 27.89 20.20 2.00 1.00 6 1 2 4 8 16 32 
 27 -77.17 22.11 19.53 2.00 1.00 6 1 2 4 8 16 32 
 28 -77.17 -22.11 30.26 2.00 1.00 6 1 2 4 8 16 32 
 29 -67.17 -27.89 39.75 2.00 1.00 6 1 2 4 8 16 32 
 30 -57.74 -44.23 38.94 2.00 1.00 6 1 2 4 8 16 32 
 31 -57.74 -55.77 22.26 2.00 1.00 6 1 2 4 8 16 32 
 32 -9.43 -72.11 30.02 2.00 1.00 6 1 2 4 8 16 32 
 33 -19.43 -77.89 16.01 2.00 1.00 6 1 2 4 8 16 32 
 34 9.43 -72.11 17.06 2.00 1.00 6 1 2 4 8 16 32 
 35 19.43 -77.89 14.03 2.00 1.00 6 1 2 4 8 16 32 
 36 57.74 -44.23 32.14 2.00 1.00 6 1 2 4 8 16 32 
 37 57.74 -55.77 25.20 2.00 1.00 6 1 2 4 8 16 32 
 38 77.17 -22.11 29.59 2.00 1.00 6 1 2 4 8 16 32 
 39 67.17 -27.89 36.56 2.00 1.00 6 1 2 4 8 16 32 
 40 13.43 47.89 28.36 2.00 1.00 6 1 2 4 8 16 32 
 41 15.43 42.11 22.46 2.00 1.00 6 1 2 4 8 16 32 
 42 -13.43 47.89 25.32 2.00 1.00 6 1 2 4 8 16 32 
 43 -15.43 42.11 29.50 2.00 1.00 6 1 2 4 8 16 32 
 44 -44.19 -7.69 33.75 2.00 1.00 6 1 2 4 8 16 32 
 45 -48.19 -12.31 30.87 2.00 1.00 6 1 2 4 8 16 32 
 46 -28.75 -34.42 24.74 2.00 1.00 6 1 2 4 8 16 32 
 47 -34.75 -35.58 31.61 2.00 1.00 6 1 2 4 8 16 32 
 48 28.75 -34.42 19.08 2.00 1.00 6 1 2 4 8 16 32 
 49 34.75 -35.58 18.91 2.00 1.00 6 1 2 4 8 16 32 
 50 44.19 -7.69 17.86 2.00 1.00 6 1 2 4 8 16 32 
