1 6 102 6
0 20
0 20
0 20
0 20
0 20
0 20
164 0
164 0
164 0
164 0
164 0
164 0
  0 0.0 0.0 0.00 0.00 0.00 0 
  1 57.74 0.0 321.94 4.00 6.00 1 63 
  2 28.87 50.0 319.93 4.00 6.00 1 63 
  3 -28.87 50.0 288.38 4.00 6.00 1 63 
  4 -57.74 0.0 325.06 4.00 6.00 1 63 
  5 -28.87 -50.0 288.39 4.00 6.00 1 63 
  6 28.87 -50.0 302.84 4.00 6.00 1 63 
  7 288.68 0.0 20.49 4.00 6.00 1 63 
  8 144.34 250.0 28.14 4.00 6.00 1 63 
  9 -144.34 250.0 46.52 4.00 6.00 1 63 
 10 -288.68 0.0 35.25 4.00 6.00 1 63 
 11 -144.34 -250.0 39.42 4.00 6.00 1 63 
 12 144.34 -250.0 39.04 4.00 6.00 1 63 
 13 86.6 50.0 183.81 3.00 2.00 3 9 18 36 
 14 0.0 100.0 142.30 3.00 2.00 3 9 18 36 
 15 -86.6 50.0 125.70 3.00 2.00 3 9 18 36 
 16 -86.6 -50.0 115.14 3.00 2.00 3 9 18 36 
 17 -0.0 -100.0 162.46 3.00 2.00 3 9 18 36 
 18 86.6 -50.0 157.85 3.00 2.00 3 9 18 36 
 19 0.0 40.0 178.66 3.00 2.00 3 9 18 36 
 20 -34.64 -20.0 211.90 3.00 2.00 3 9 18 36 
 21 34.64 -20.0 257.39 3.00 2.00 3 9 18 36 
 22 433.01 250.0 23.87 3.00 2.00 3 9 18 36 
 23 0.0 500.0 19.90 3.00 2.00 3 9 18 36 
 24 -433.01 250.0 18.10 3.00 2.00 3 9 18 36 
 25 -433.01 -250.0 15.33 3.00 2.00 3 9 18 36 
 26 -0.0 -500.0 20.55 3.00 2.00 3 9 18 36 
 27 433.01 -250.0 23.13 3.00 2.00 3 9 18 36 
 28 0.0 200.0 35.34 3.00 2.00 3 9 18 36 
 29 -173.21 -100.0 30.47 3.00 2.00 3 9 18 36 
 30 173.21 -100.0 40.49 3.00 2.00 3 9 18 36 
 31 67.17 27.89 137.25 2.00 1.00 6 1 2 4 8 16 32 
 32 77.17 22.11 100.41 2.00 1.00 6 1 2 4 8 16 32 
 33 57.74 55.77 151.66 2.00 1.00 6 1 2 4 8 16 32 
 34 57.74 44.23 124.52 2.00 1.00 6 1 2 4 8 16 32 
 35 19.43 77.89 105.33 2.00 1.00 6 1 2 4 8 16 32 
 36 9.43 72.11 122.68 2.00 1.00 6 1 2 4 8 16 32 
 37 -19.43 77.89 82.00 2.00 1.00 6 1 2 4 8 16 32 
 38 -9.43 72.11 165.59 2.00 1.00 6 1 2 4 8 16 32 
 39 -57.74 55.77 141.57 2.00 1.00 6 1 2 4 8 16 32 
 40 -57.74 44.23 154.75 2.00 1.00 6 1 2 4 8 16 32 
 41 -67.17 27.89 89.72 2.00 1.00 6 1 2 4 8 16 32 
 42 -77.17 22.11 151.55 2.00 1.00 6 1 2 4 8 16 32 
 43 -77.17 -22.11 107.76 2.00 1.00 6 1 2 4 8 16 32 
 44 -67.17 -27.89 85.36 2.00 1.00 6 1 2 4 8 16 32 
 45 -57.74 -44.23 114.76 2.00 1.00 6 1 2 4 8 16 32 
 46 -57.74 -55.77 103.15 2.00 1.00 6 1 2 4 8 16 32 
 47 -9.43 -72.11 132.31 2.00 1.00 6 1 2 4 8 16 32 
 48 -19.43 -77.89 106.50 2.00 1.00 6 1 2 4 8 16 32 
 49 9.43 -72.11 155.03 2.00 1.00 6 1 2 4 8 16 32 
 50 19.43 -77.89 124.42 2.00 1.00 6 1 2 4 8 16 32 
 51 57.74 -44.23 113.49 2.00 1.00 6 1 2 4 8 16 32 
 52 57.74 -55.77 93.86 2.00 1.00 6 1 2 4 8 16 32 
 53 77.17 -22.11 127.16 2.00 1.00 6 1 2 4 8 16 32 
 54 67.17 -27.89 88.14 2.00 1.00 6 1 2 4 8 16 32 
 55 13.43 47.89 161.58 2.00 1.00 6 1 2 4 8 16 32 
 56 15.43 42.11 140.74 2.00 1.00 6 1 2 4 8 16 32 
 57 -13.43 47.89 116.99 2.00 1.00 6 1 2 4 8 16 32 
 58 -15.43 42.11 122.48 2.00 1.00 6 1 2 4 8 16 32 
 59 -44.19 -7.69 97.22 2.00 1.00 6 1 2 4 8 16 32 
 60 -48.19 -12.31 107.25 2.00 1.00 6 1 2 4 8 16 32 
 61 -28.75 -34.42 159.83 2.00 1.00 6 1 2 4 8 16 32 
 62 -34.75 -35.58 102.40 2.00 1.00 6 1 2 4 8 16 32 
 63 28.75 -34.42 141.53 2.00 1.00 6 1 2 4 8 16 32 
 64 34.75 -35.58 148.51 2.00 1.00 6 1 2 4 8 16 32 
 65 44.19 -7.69 110.10 2.00 1.00 6 1 2 4 8 16 32 
 66 48.19 -12.31 168.79 2.00 1.00 6 1 2 4 8 16 32 
 67 335.84 139.43 11.30 2.00 1.00 6 1 2 4 8 16 32 
 68 385.84 110.57 12.81 2.00 1.00 6 1 2 4 8 16 32 
 69 288.68 278.87 16.71 2.00 1.00 6 1 2 4 8 16 32 
 70 288.68 221.13 16.83 2.00 1.00 6 1 2 4 8 16 32 
 71 97.17 389.43 12.94 2.00 1.00 6 1 2 4 8 16 32 
 72 47.17 360.57 14.74 2.00 1.00 6 1 2 4 8 16 32 
 73 -97.17 389.43 12.57 2.00 1.00 6 1 2 4 8 16 32 
 74 -47.17 360.57 17.59 2.00 1.00 6 1 2 4 8 16 32 
 75 -288.68 278.87 13.45 2.00 1.00 6 1 2 4 8 16 32 
 76 -288.68 221.13 12.55 2.00 1.00 6 1 2 4 8 16 32 
 77 -335.84 139.43 14.89 2.00 1.00 6 1 2 4 8 16 32 
 78 -385.84 110.57 9.48 2.00 1.00 6 1 2 4 8 16 32 
 79 -385.84 -110.57 15.20 2.00 1.00 6 1 2 4 8 16 32 
 80 -335.84 -139.43 22.86 2.00 1.00 6 1 2 4 8 16 32 
 81 -288.68 -221.13 13.01 2.00 1.00 6 1 2 4 8 16 32 
 82 -288.68 -278.87 16.25 2.00 1.00 6 1 2 4 8 16 32 
 83 -47.17 -360.57 18.13 2.00 1.00 6 1 2 4 8 16 32 
 84 -97.17 -389.43 12.05 2.00 1.00 6 1 2 4 8 16 32 
 85 47.17 -360.57 14.24 2.00 1.00 6 1 2 4 8 16 32 
 86 97.17 -389.43 13.00 2.00 1.00 6 1 2 4 8 16 32 
 87 288.68 -221.13 23.39 2.00 1.00 6 1 2 4 8 16 32 
 88 288.68 -278.87 11.04 2.00 1.00 6 1 2 4 8 16 32 
 89 385.84 -110.57 13.70 2.00 1.00 6 1 2 4 8 16 32 
 90 335.84 -139.43 19.34 2.00 1.00 6 1 2 4 8 16 32 
 91 67.17 239.43 15.92 2.00 1.00 6 1 2 4 8 16 32 
 92 77.17 210.57 21.75 2.00 1.00 6 1 2 4 8 16 32 
 93 -67.17 239.43 17.33 2.00 1.00 6 1 2 4 8 16 32 
 94 -77.17 210.57 13.82 2.00 1.00 6 1 2 4 8 16 32 
 95 -220.94 -38.45 18.38 2.00 1.00 6 1 2 4 8 16 32 
 96 -240.94 -61.55 16.85 2.00 1.00 6 1 2 4 8 16 32 
 97 -143.77 -172.11 12.13 2.00 1.00 6 1 2 4 8 16 32 
 98 -173.77 -177.89 15.06 2.00 1.00 6 1 2 4 8 16 32 
 99 143.77 -172.11 10.20 2.00 1.00 6 1 2 4 8 16 32 
100 173.77 -177.89 11.62 2.00 1.00 6 1 2 4 8 16 32 
101 220.94 -38.45 12.53 2.00 1.00 6 1 2 4 8 16 32 
