1 2 38 4
0 30
0 30
0 30
0 30
110 0
110 0
110 0
110 0
  0 0.0 0.0 0.00 0.00 0.00 0 
  1 10.0 0.0 94.95 5.00 4.00 1 15 
  2 -10.0 0.0 81.26 5.00 4.00 1 15 
  3 50.0 0.0 46.99 5.00 4.00 1 15 
  4 -50.0 0.0 70.45 5.00 4.00 1 15 
  5 90.0 0.0 15.44 5.00 4.00 1 15 
  6 -90.0 0.0 21.65 5.00 4.00 1 15 
  7 17.32 10.0 36.43 2.00 2.00 2 5 10 
  8 -17.32 10.0 23.87 2.00 2.00 2 5 10 
  9 -17.32 -10.0 35.47 2.00 2.00 2 5 10 
 10 17.32 -10.0 38.22 2.00 2.00 2 5 10 
 11 34.64 20.0 26.32 2.00 2.00 2 5 10 
 12 -34.64 20.0 39.22 2.00 2.00 2 5 10 
 13 -34.64 -20.0 35.39 2.00 2.00 2 5 10 
 14 34.64 -20.0 26.14 2.00 2.00 2 5 10 
 15 51.96 30.0 16.27 2.00 2.00 2 5 10 
 16 -51.96 30.0 18.67 2.00 2.00 2 5 10 
 17 -51.96 -30.0 20.12 2.00 2.00 2 5 10 
 18 51.96 -30.0 23.07 2.00 2.00 2 5 10 
 19 69.28 40.0 12.86 2.00 2.00 2 5 10 
 20 -69.28 40.0 11.15 2.00 2.00 2 5 10 
 21 -69.28 -40.0 13.78 2.00 2.00 2 5 10 
 22 69.28 -40.0 8.75 2.00 2.00 2 5 10 
 23 28.98 7.77 16.34 1.00 1.00 4 1 2 4 8 
 24 21.21 21.21 13.46 1.00 1.00 4 1 2 4 8 
 25 -21.21 21.21 12.78 1.00 1.00 4 1 2 4 8 
 26 -28.98 7.77 17.99 1.00 1.00 4 1 2 4 8 
 27 -28.98 -7.77 17.60 1.00 1.00 4 1 2 4 8 
 28 -21.21 -21.21 15.53 1.00 1.00 4 1 2 4 8 
 29 21.21 -21.21 16.59 1.00 1.00 4 1 2 4 8 
 30 28.98 -7.77 12.06 1.00 1.00 4 1 2 4 8 
 31 67.62 18.12 7.02 1.00 1.00 4 1 2 4 8 
 32 49.5 49.5 5.35 1.00 1.00 4 1 2 4 8 
 33 -49.5 49.5 5.32 1.00 1.00 4 1 2 4 8 
 34 -67.62 18.12 9.38 1.00 1.00 4 1 2 4 8 
 35 -67.62 -18.12 9.63 1.00 1.00 4 1 2 4 8 
 36 -49.5 -49.5 4.90 1.00 1.00 4 1 2 4 8 
 37 49.5 -49.5 6.53 1.00 1.00 4 1 2 4 8 
