1 10 240 4
420 180
420 180
420 180
420 180
947 0
947 0
947 0
947 0
  0 8.68 -10.44 0.00 0.00 0.00 0 
  1 65.99 -49.83 28.12 10.00 4.00 1 15 
  2 -36.94 -36.74 200.45 25.00 4.00 1 15 
  3 -2.73 18.77 242.79 18.00 4.00 1 15 
  4 31.12 -35.91 155.05 16.00 4.00 1 15 
  5 2.79 8.01 159.86 14.00 4.00 1 15 
  6 31.15 43.67 26.07 7.00 4.00 1 15 
  7 -36.3 -21.31 69.41 9.00 4.00 1 15 
  8 52.81 35.05 50.04 16.00 4.00 1 15 
  9 11.27 20.66 249.19 24.00 4.00 1 15 
 10 -0.62 23.11 51.09 6.00 4.00 1 15 
 11 43.09 -12.36 227.30 22.00 4.00 1 15 
 12 6.85 19.07 120.94 11.00 4.00 1 15 
 13 -6.85 25.32 225.27 19.00 4.00 1 15 
 14 -27.93 -23.71 168.98 20.00 4.00 1 15 
 15 33.24 -30.49 160.96 20.00 4.00 1 15 
 16 63.89 -52.88 47.27 16.00 4.00 1 15 
 17 -13.67 -43.95 54.61 5.00 4.00 1 15 
 18 -0.65 -27.5 453.97 21.00 4.00 1 15 
 19 59.41 -49.26 77.95 19.00 4.00 1 15 
 20 27.17 -5.71 239.11 18.00 4.00 1 15 
 21 70.0 -20.84 100.09 22.00 4.00 1 15 
 22 35.33 -65.17 79.65 19.00 4.00 1 15 
 23 -14.39 -42.24 200.64 15.00 4.00 1 15 
 24 19.37 30.27 152.10 24.00 4.00 1 15 
 25 -39.79 10.1 90.37 20.00 4.00 1 15 
 26 -15.75 -40.2 218.14 17.00 4.00 1 15 
 27 -28.42 -40.5 273.39 20.00 4.00 1 15 
 28 27.08 9.74 138.21 12.00 4.00 1 15 
 29 22.21 -9.22 255.58 23.00 4.00 1 15 
 30 -0.83 -6.53 332.67 15.00 4.00 1 15 
 31 10.22 75.53 27.84 19.00 4.00 1 15 
 32 7.45 18.5 211.18 23.00 4.00 1 15 
 33 48.91 -20.29 99.41 9.00 4.00 1 15 
 34 -18.96 -29.68 231.49 21.00 4.00 1 15 
 35 16.82 -6.66 337.92 17.00 4.00 1 15 
 36 2.51 -30.42 67.69 6.00 4.00 1 15 
 37 15.42 4.91 201.75 10.00 4.00 1 15 
 38 60.32 89.8 7.32 9.00 4.00 1 15 
 39 40.41 -45.37 131.88 19.00 4.00 1 15 
 40 -26.84 -54.27 187.95 17.00 4.00 1 15 
 41 69.17 72.58 27.23 22.00 4.00 1 15 
 42 -22.82 46.17 21.70 8.00 4.00 1 15 
 43 -14.26 -30.25 265.47 25.00 4.00 1 15 
 44 76.05 12.07 19.08 13.00 4.00 1 15 
 45 63.04 60.02 1.39 1.00 4.00 1 15 
 46 -20.24 -81.97 19.44 15.00 4.00 1 15 
 47 -41.17 -42.02 83.01 16.00 4.00 1 15 
 48 79.2 -29.02 77.17 20.00 4.00 1 15 
 49 -20.73 -7.07 155.36 14.00 4.00 1 15 
 50 -4.16 -53.5 13.66 2.00 4.00 1 15 
 51 39.59 -40.46 52.50 5.00 4.00 1 15 
 52 -47.13 -77.85 5.84 16.00 4.00 1 15 
 53 -1.23 49.18 55.99 12.00 4.00 1 15 
 54 -0.37 -27.26 17.42 1.00 4.00 1 15 
 55 31.54 -8.72 236.54 15.00 4.00 1 15 
 56 -0.13 -20.26 101.15 5.00 4.00 1 15 
 57 66.39 -26.69 62.12 9.00 4.00 1 15 
 58 6.1 -64.09 54.81 8.00 4.00 1 15 
 59 13.54 -20.87 41.56 2.00 4.00 1 15 
 60 54.21 -6.54 53.16 10.00 4.00 1 15 
 61 22.05 -34.14 266.98 25.00 2.00 2 5 10 
 62 -9.72 4.71 302.77 24.00 2.00 2 5 10 
 63 -11.58 -46.86 57.50 7.00 2.00 2 5 10 
 64 -2.91 -0.31 282.30 14.00 2.00 2 5 10 
 65 13.84 -44.45 37.03 3.00 2.00 2 5 10 
 66 17.48 27.75 220.05 23.00 2.00 2 5 10 
 67 2.97 -43.69 250.69 21.00 2.00 2 5 10 
 68 -44.35 -38.2 81.94 13.00 2.00 2 5 10 
 69 -59.4 1.51 8.81 15.00 2.00 2 5 10 
 70 -13.45 -75.53 60.42 14.00 2.00 2 5 10 
 71 -5.52 -51.95 55.22 7.00 2.00 2 5 10 
 72 -9.59 -26.88 448.41 20.00 2.00 2 5 10 
 73 19.32 29.5 60.53 6.00 2.00 2 5 10 
 74 26.25 36.74 169.98 24.00 2.00 2 5 10 
 75 43.71 -28.03 187.31 17.00 2.00 2 5 10 
 76 -52.03 -35.34 16.38 3.00 2.00 2 5 10 
 77 -8.44 -0.12 203.63 15.00 2.00 2 5 10 
 78 89.11 62.12 5.25 6.00 2.00 2 5 10 
 79 6.07 -16.13 483.52 21.00 2.00 2 5 10 
 80 27.09 -5.1 348.72 25.00 2.00 2 5 10 
 81 27.53 -15.34 340.96 18.00 2.00 2 5 10 
 82 42.51 32.06 3.36 1.00 2.00 2 5 10 
 83 25.31 12.69 253.95 19.00 2.00 2 5 10 
 84 47.78 -12.77 172.27 17.00 2.00 2 5 10 
 85 -3.14 -13.84 367.41 20.00 2.00 2 5 10 
 86 12.48 -78.1 2.24 1.00 2.00 2 5 10 
 87 -21.04 -3.43 97.90 13.00 2.00 2 5 10 
 88 -3.15 -55.43 211.86 25.00 2.00 2 5 10 
 89 53.01 84.9 19.97 16.00 2.00 2 5 10 
 90 35.64 -47.55 34.19 5.00 2.00 2 5 10 
 91 43.43 -18.44 150.26 18.00 2.00 2 5 10 
 92 6.6 -54.58 153.93 17.00 2.00 2 5 10 
 93 87.95 94.01 6.70 15.00 2.00 2 5 10 
 94 39.11 -48.74 54.19 13.00 2.00 2 5 10 
 95 -48.34 -26.48 74.49 15.00 2.00 2 5 10 
 96 72.0 -9.25 7.51 2.00 2.00 2 5 10 
 97 -37.73 3.35 4.62 1.00 2.00 2 5 10 
 98 -65.97 -36.75 14.55 9.00 2.00 2 5 10 
 99 -16.67 -35.28 245.16 16.00 2.00 2 5 10 
100 10.74 -4.67 127.68 6.00 2.00 2 5 10 
101 15.59 -5.82 373.40 18.00 2.00 2 5 10 
102 21.61 -18.11 396.32 24.00 2.00 2 5 10 
103 9.78 49.28 116.72 24.00 2.00 2 5 10 
104 94.15 -4.49 15.44 9.00 2.00 2 5 10 
105 10.38 -16.3 367.97 19.00 2.00 2 5 10 
106 -1.45 -0.86 150.65 12.00 2.00 2 5 10 
107 -6.22 25.31 268.92 22.00 2.00 2 5 10 
108 -6.25 10.22 205.47 13.00 2.00 2 5 10 
109 -17.44 -70.8 111.27 20.00 2.00 2 5 10 
110 -55.09 -43.85 104.57 25.00 2.00 2 5 10 
111 -9.44 23.72 7.11 1.00 2.00 2 5 10 
112 8.98 35.41 146.83 24.00 2.00 2 5 10 
113 -16.75 -0.81 166.14 10.00 2.00 2 5 10 
114 66.85 -37.84 92.97 22.00 2.00 2 5 10 
115 14.72 -23.72 163.84 14.00 2.00 2 5 10 
116 33.47 20.03 87.18 12.00 2.00 2 5 10 
117 66.39 -70.11 32.61 23.00 2.00 2 5 10 
118 -5.66 8.88 187.33 14.00 2.00 2 5 10 
119 -5.1 -46.73 230.33 23.00 2.00 2 5 10 
120 -8.83 55.74 57.35 25.00 2.00 2 5 10 
121 5.85 -3.19 118.23 5.00 1.00 4 1 2 4 8 
122 -25.73 -37.7 102.85 7.00 1.00 4 1 2 4 8 
123 -15.36 -24.55 351.49 25.00 1.00 4 1 2 4 8 
124 43.79 -11.1 94.99 11.00 1.00 4 1 2 4 8 
125 17.66 -25.6 273.07 18.00 1.00 4 1 2 4 8 
126 -39.62 54.88 15.85 18.00 1.00 4 1 2 4 8 
127 -24.55 -43.23 8.70 1.00 1.00 4 1 2 4 8 
128 -26.89 -12.74 78.89 7.00 1.00 4 1 2 4 8 
129 34.16 -38.46 215.61 22.00 1.00 4 1 2 4 8 
130 -47.31 -29.47 38.76 7.00 1.00 4 1 2 4 8 
131 49.37 -25.59 28.58 3.00 1.00 4 1 2 4 8 
132 3.71 -16.45 384.20 18.00 1.00 4 1 2 4 8 
133 22.43 -23.27 140.68 8.00 1.00 4 1 2 4 8 
134 -37.55 -29.61 58.55 6.00 1.00 4 1 2 4 8 
135 25.55 3.67 111.34 7.00 1.00 4 1 2 4 8 
136 -15.22 3.28 171.30 20.00 1.00 4 1 2 4 8 
137 -12.94 -7.5 97.76 10.00 1.00 4 1 2 4 8 
138 -22.11 26.43 7.51 2.00 1.00 4 1 2 4 8 
139 -17.94 7.73 22.37 3.00 1.00 4 1 2 4 8 
140 -21.23 14.49 90.97 10.00 1.00 4 1 2 4 8 
141 3.5 -19.71 90.31 5.00 1.00 4 1 2 4 8 
142 32.6 -14.94 317.36 25.00 1.00 4 1 2 4 8 
143 -5.74 -28.3 271.57 23.00 1.00 4 1 2 4 8 
144 -6.13 -39.62 332.28 21.00 1.00 4 1 2 4 8 
145 -2.46 12.82 116.84 13.00 1.00 4 1 2 4 8 
146 -6.47 8.47 8.84 1.00 1.00 4 1 2 4 8 
147 -37.89 -36.12 84.56 11.00 1.00 4 1 2 4 8 
148 10.85 -18.75 94.78 6.00 1.00 4 1 2 4 8 
149 50.1 8.64 72.60 9.00 1.00 4 1 2 4 8 
150 46.84 4.71 92.51 17.00 1.00 4 1 2 4 8 
151 19.6 -10.41 182.32 13.00 1.00 4 1 2 4 8 
152 -38.95 52.94 43.82 23.00 1.00 4 1 2 4 8 
153 -0.64 -21.29 274.09 19.00 1.00 4 1 2 4 8 
154 40.91 -33.77 114.00 11.00 1.00 4 1 2 4 8 
155 -0.57 -62.3 71.60 12.00 1.00 4 1 2 4 8 
156 -9.78 26.79 158.68 18.00 1.00 4 1 2 4 8 
157 34.27 -23.9 368.40 25.00 1.00 4 1 2 4 8 
158 29.57 -24.56 201.57 13.00 1.00 4 1 2 4 8 
159 16.38 -58.89 104.39 24.00 1.00 4 1 2 4 8 
160 61.88 -15.17 36.30 5.00 1.00 4 1 2 4 8 
161 40.09 -9.63 212.76 14.00 1.00 4 1 2 4 8 
162 0.12 -4.65 342.43 18.00 1.00 4 1 2 4 8 
163 -8.93 -43.9 349.35 25.00 1.00 4 1 2 4 8 
164 -7.14 -57.43 109.97 11.00 1.00 4 1 2 4 8 
165 7.55 -21.21 421.15 18.00 1.00 4 1 2 4 8 
166 3.95 7.3 388.38 23.00 1.00 4 1 2 4 8 
167 -15.12 92.02 8.39 22.00 1.00 4 1 2 4 8 
168 84.82 -24.52 50.88 20.00 1.00 4 1 2 4 8 
169 -52.33 30.68 16.62 11.00 1.00 4 1 2 4 8 
170 7.54 13.82 128.12 11.00 1.00 4 1 2 4 8 
171 -21.48 30.36 85.37 19.00 1.00 4 1 2 4 8 
172 36.05 29.88 91.25 13.00 1.00 4 1 2 4 8 
173 12.78 -40.94 400.86 24.00 1.00 4 1 2 4 8 
174 -17.29 -10.25 70.53 6.00 1.00 4 1 2 4 8 
175 -10.54 12.4 59.66 5.00 1.00 4 1 2 4 8 
176 -15.85 -59.46 164.11 24.00 1.00 4 1 2 4 8 
177 29.27 -2.22 121.65 7.00 1.00 4 1 2 4 8 
178 -12.6 -58.93 116.38 13.00 1.00 4 1 2 4 8 
179 -17.3 -35.3 282.90 25.00 1.00 4 1 2 4 8 
180 57.05 -50.35 53.19 15.00 1.00 4 1 2 4 8 
181 26.94 17.44 153.20 15.00 1.00 4 1 2 4 8 
182 -6.2 -8.88 272.39 16.00 1.00 4 1 2 4 8 
183 16.98 -16.32 67.46 5.00 1.00 4 1 2 4 8 
184 83.71 -32.52 50.69 15.00 1.00 4 1 2 4 8 
185 12.45 34.59 133.82 24.00 1.00 4 1 2 4 8 
186 15.06 67.0 36.90 15.00 1.00 4 1 2 4 8 
187 25.82 -5.84 121.48 9.00 1.00 4 1 2 4 8 
188 13.67 -14.83 374.71 19.00 1.00 4 1 2 4 8 
189 48.32 -5.16 121.74 15.00 1.00 4 1 2 4 8 
190 13.49 19.74 30.25 2.00 1.00 4 1 2 4 8 
191 -18.51 65.41 3.24 3.00 1.00 4 1 2 4 8 
192 17.55 38.38 84.03 18.00 1.00 4 1 2 4 8 
193 37.78 -16.0 328.03 20.00 1.00 4 1 2 4 8 
194 47.97 -30.31 164.27 14.00 1.00 4 1 2 4 8 
195 38.81 36.24 47.21 10.00 1.00 4 1 2 4 8 
196 -16.09 -42.84 50.86 6.00 1.00 4 1 2 4 8 
197 28.66 -1.99 253.72 17.00 1.00 4 1 2 4 8 
198 -5.86 -1.86 239.02 20.00 1.00 4 1 2 4 8 
199 60.52 63.42 5.30 3.00 1.00 4 1 2 4 8 
200 63.2 -47.77 74.49 14.00 1.00 4 1 2 4 8 
201 -15.31 -23.29 167.91 12.00 1.00 4 1 2 4 8 
202 -2.88 0.79 39.47 2.00 1.00 4 1 2 4 8 
203 32.06 -10.18 175.93 11.00 1.00 4 1 2 4 8 
204 -18.63 -25.67 212.91 16.00 1.00 4 1 2 4 8 
205 -3.63 25.43 129.09 18.00 1.00 4 1 2 4 8 
206 10.48 22.89 188.97 14.00 1.00 4 1 2 4 8 
207 1.82 -3.01 80.45 6.00 1.00 4 1 2 4 8 
208 -25.28 -12.18 177.26 12.00 1.00 4 1 2 4 8 
209 56.93 -75.51 38.26 21.00 1.00 4 1 2 4 8 
210 13.89 -36.23 14.59 1.00 1.00 4 1 2 4 8 
211 32.52 -29.52 249.13 18.00 1.00 4 1 2 4 8 
212 4.8 -7.29 211.51 17.00 1.00 4 1 2 4 8 
213 11.37 -8.34 209.85 15.00 1.00 4 1 2 4 8 
214 17.13 -24.65 63.00 4.00 1.00 4 1 2 4 8 
215 -33.66 -41.24 147.24 18.00 1.00 4 1 2 4 8 
216 -32.39 -50.89 181.51 22.00 1.00 4 1 2 4 8 
217 23.04 -14.5 200.01 16.00 1.00 4 1 2 4 8 
218 -21.86 -39.5 170.85 14.00 1.00 4 1 2 4 8 
219 32.01 77.33 27.07 25.00 1.00 4 1 2 4 8 
220 13.83 -76.19 43.62 15.00 1.00 4 1 2 4 8 
221 -8.05 -21.18 94.54 6.00 1.00 4 1 2 4 8 
222 25.39 46.61 35.10 7.00 1.00 4 1 2 4 8 
223 49.54 -54.64 95.34 21.00 1.00 4 1 2 4 8 
224 63.42 -8.64 16.84 3.00 1.00 4 1 2 4 8 
225 2.3 -5.54 236.69 15.00 1.00 4 1 2 4 8 
226 52.42 29.9 61.62 24.00 1.00 4 1 2 4 8 
227 9.3 -16.25 30.07 2.00 1.00 4 1 2 4 8 
228 34.85 -96.19 14.14 17.00 1.00 4 1 2 4 8 
229 -21.06 -41.5 24.22 2.00 1.00 4 1 2 4 8 
230 28.45 10.24 210.24 25.00 1.00 4 1 2 4 8 
231 16.25 -22.58 269.38 15.00 1.00 4 1 2 4 8 
232 -36.64 -34.03 23.84 3.00 1.00 4 1 2 4 8 
233 -27.36 -50.18 9.92 1.00 1.00 4 1 2 4 8 
234 -53.71 11.33 0.95 1.00 1.00 4 1 2 4 8 
235 26.28 -5.99 289.20 20.00 1.00 4 1 2 4 8 
236 -31.52 34.59 50.78 19.00 1.00 4 1 2 4 8 
237 -14.61 -31.51 31.56 2.00 1.00 4 1 2 4 8 
238 -4.24 -30.87 180.89 9.00 1.00 4 1 2 4 8 
239 -18.52 -29.49 49.73 4.00 1.00 4 1 2 4 8 
