1 6 114 4
0 30
0 30
0 30
0 30
303 0
303 0
303 0
303 0
  0 0.0 0.0 0.00 0.00 0.00 0 
  1 10.0 0.0 238.49 5.00 4.00 1 15 
  2 5.0 8.66 334.96 5.00 4.00 1 15 
  3 -5.0 8.66 201.10 5.00 4.00 1 15 
  4 -10.0 0.0 194.01 5.00 4.00 1 15 
  5 -5.0 -8.66 275.30 5.00 4.00 1 15 
  6 5.0 -8.66 264.12 5.00 4.00 1 15 
  7 50.0 0.0 118.77 5.00 4.00 1 15 
  8 25.0 43.3 85.66 5.00 4.00 1 15 
  9 -25.0 43.3 119.30 5.00 4.00 1 15 
 10 -50.0 0.0 119.49 5.00 4.00 1 15 
 11 -25.0 -43.3 139.50 5.00 4.00 1 15 
 12 25.0 -43.3 129.07 5.00 4.00 1 15 
 13 90.0 0.0 66.36 5.00 4.00 1 15 
 14 45.0 77.94 83.42 5.00 4.00 1 15 
 15 -45.0 77.94 52.85 5.00 4.00 1 15 
 16 -90.0 0.0 62.17 5.00 4.00 1 15 
 17 -45.0 -77.94 78.12 5.00 4.00 1 15 
 18 45.0 -77.94 64.73 5.00 4.00 1 15 
 19 19.7 3.47 82.52 2.00 2.00 2 5 10 
 20 12.86 15.32 131.55 2.00 2.00 2 5 10 
 21 6.84 18.79 83.02 2.00 2.00 2 5 10 
 22 -6.84 18.79 85.02 2.00 2.00 2 5 10 
 23 -12.86 15.32 81.46 2.00 2.00 2 5 10 
 24 -19.7 3.47 98.97 2.00 2.00 2 5 10 
 25 -19.7 -3.47 121.58 2.00 2.00 2 5 10 
 26 -12.86 -15.32 124.44 2.00 2.00 2 5 10 
 27 -6.84 -18.79 111.52 2.00 2.00 2 5 10 
 28 6.84 -18.79 75.54 2.00 2.00 2 5 10 
 29 12.86 -15.32 125.22 2.00 2.00 2 5 10 
 30 19.7 -3.47 67.51 2.00 2.00 2 5 10 
 31 39.39 6.95 50.27 2.00 2.00 2 5 10 
 32 25.71 30.64 86.87 2.00 2.00 2 5 10 
 33 13.68 37.59 90.36 2.00 2.00 2 5 10 
 34 -13.68 37.59 72.93 2.00 2.00 2 5 10 
 35 -25.71 30.64 70.39 2.00 2.00 2 5 10 
 36 -39.39 6.95 52.90 2.00 2.00 2 5 10 
 37 -39.39 -6.95 55.46 2.00 2.00 2 5 10 
 38 -25.71 -30.64 47.72 2.00 2.00 2 5 10 
 39 -13.68 -37.59 65.22 2.00 2.00 2 5 10 
 40 13.68 -37.59 61.62 2.00 2.00 2 5 10 
 41 25.71 -30.64 83.91 2.00 2.00 2 5 10 
 42 39.39 -6.95 82.35 2.00 2.00 2 5 10 
 43 59.09 10.42 54.09 2.00 2.00 2 5 10 
 44 38.57 45.96 53.91 2.00 2.00 2 5 10 
 45 20.52 56.38 36.87 2.00 2.00 2 5 10 
 46 -20.52 56.38 57.02 2.00 2.00 2 5 10 
 47 -38.57 45.96 34.99 2.00 2.00 2 5 10 
 48 -59.09 10.42 35.84 2.00 2.00 2 5 10 
 49 -59.09 -10.42 49.01 2.00 2.00 2 5 10 
 50 -38.57 -45.96 49.46 2.00 2.00 2 5 10 
 51 -20.52 -56.38 57.16 2.00 2.00 2 5 10 
 52 20.52 -56.38 30.66 2.00 2.00 2 5 10 
 53 38.57 -45.96 51.58 2.00 2.00 2 5 10 
 54 59.09 -10.42 49.48 2.00 2.00 2 5 10 
 55 78.79 13.89 20.31 2.00 2.00 2 5 10 
 56 51.42 61.28 34.01 2.00 2.00 2 5 10 
 57 27.36 75.18 28.66 2.00 2.00 2 5 10 
 58 -27.36 75.18 23.79 2.00 2.00 2 5 10 
 59 -51.42 61.28 31.48 2.00 2.00 2 5 10 
 60 -78.79 13.89 25.73 2.00 2.00 2 5 10 
 61 -78.79 -13.89 30.91 2.00 2.00 2 5 10 
 62 -51.42 -61.28 23.04 2.00 2.00 2 5 10 
 63 -27.36 -75.18 32.15 2.00 2.00 2 5 10 
 64 27.36 -75.18 22.22 2.00 2.00 2 5 10 
 65 51.42 -61.28 22.91 2.00 2.00 2 5 10 
 66 78.79 -13.89 26.18 2.00 2.00 2 5 10 
 67 29.89 2.62 52.03 1.00 1.00 4 1 2 4 8 
 68 28.98 7.77 28.19 1.00 1.00 4 1 2 4 8 
 69 21.21 21.21 34.57 1.00 1.00 4 1 2 4 8 
 70 17.21 24.58 33.04 1.00 1.00 4 1 2 4 8 
 71 12.68 27.19 37.54 1.00 1.00 4 1 2 4 8 
 72 7.77 28.98 46.52 1.00 1.00 4 1 2 4 8 
 73 -7.77 28.98 36.90 1.00 1.00 4 1 2 4 8 
 74 -12.68 27.19 48.77 1.00 1.00 4 1 2 4 8 
 75 -17.21 24.58 32.57 1.00 1.00 4 1 2 4 8 
 76 -21.21 21.21 45.34 1.00 1.00 4 1 2 4 8 
 77 -28.98 7.77 30.47 1.00 1.00 4 1 2 4 8 
 78 -29.89 2.62 28.54 1.00 1.00 4 1 2 4 8 
 79 -29.89 -2.62 48.02 1.00 1.00 4 1 2 4 8 
 80 -28.98 -7.77 29.40 1.00 1.00 4 1 2 4 8 
 81 -21.21 -21.21 41.61 1.00 1.00 4 1 2 4 8 
 82 -17.21 -24.58 50.61 1.00 1.00 4 1 2 4 8 
 83 -12.68 -27.19 43.93 1.00 1.00 4 1 2 4 8 
 84 -7.77 -28.98 26.47 1.00 1.00 4 1 2 4 8 
 85 7.77 -28.98 35.73 1.00 1.00 4 1 2 4 8 
 86 12.68 -27.19 42.13 1.00 1.00 4 1 2 4 8 
 87 17.21 -24.58 39.92 1.00 1.00 4 1 2 4 8 
 88 21.21 -21.21 52.65 1.00 1.00 4 1 2 4 8 
 89 28.98 -7.77 33.58 1.00 1.00 4 1 2 4 8 
 90 29.89 -2.62 32.72 1.00 1.00 4 1 2 4 8 
 91 69.73 6.1 10.88 1.00 1.00 4 1 2 4 8 
 92 67.62 18.12 10.77 1.00 1.00 4 1 2 4 8 
 93 49.5 49.5 10.27 1.00 1.00 4 1 2 4 8 
 94 40.15 57.34 22.85 1.00 1.00 4 1 2 4 8 
 95 29.58 63.44 15.24 1.00 1.00 4 1 2 4 8 
 96 18.12 67.62 12.05 1.00 1.00 4 1 2 4 8 
 97 -18.12 67.62 11.58 1.00 1.00 4 1 2 4 8 
 98 -29.58 63.44 21.25 1.00 1.00 4 1 2 4 8 
 99 -40.15 57.34 17.42 1.00 1.00 4 1 2 4 8 
100 -49.5 49.5 16.29 1.00 1.00 4 1 2 4 8 
101 -67.62 18.12 12.42 1.00 1.00 4 1 2 4 8 
102 -69.73 6.1 21.53 1.00 1.00 4 1 2 4 8 
103 -69.73 -6.1 22.50 1.00 1.00 4 1 2 4 8 
104 -67.62 -18.12 12.61 1.00 1.00 4 1 2 4 8 
105 -49.5 -49.5 12.30 1.00 1.00 4 1 2 4 8 
106 -40.15 -57.34 18.24 1.00 1.00 4 1 2 4 8 
107 -29.58 -63.44 19.46 1.00 1.00 4 1 2 4 8 
108 -18.12 -67.62 11.17 1.00 1.00 4 1 2 4 8 
109 18.12 -67.62 11.65 1.00 1.00 4 1 2 4 8 
110 29.58 -63.44 21.02 1.00 1.00 4 1 2 4 8 
111 40.15 -57.34 16.17 1.00 1.00 4 1 2 4 8 
112 49.5 -49.5 17.43 1.00 1.00 4 1 2 4 8 
113 67.62 -18.12 13.47 1.00 1.00 4 1 2 4 8 
