1 4 112 4
0 40
0 40
0 40
0 40
350 0
350 0
350 0
350 0
  0 0.0 0.0 0.00 0.00 0.00 0 
  1 10.0 0.0 196.46 5.00 4.00 1 15 
  2 0.0 10.0 322.13 5.00 4.00 1 15 
  3 -10.0 0.0 317.54 5.00 4.00 1 15 
  4 -0.0 -10.0 202.18 5.00 4.00 1 15 
  5 50.0 0.0 214.59 5.00 4.00 1 15 
  6 0.0 50.0 226.21 5.00 4.00 1 15 
  7 -50.0 0.0 120.89 5.00 4.00 1 15 
  8 -0.0 -50.0 163.59 5.00 4.00 1 15 
  9 90.0 0.0 140.83 5.00 4.00 1 15 
 10 0.0 90.0 142.10 5.00 4.00 1 15 
 11 -90.0 0.0 116.13 5.00 4.00 1 15 
 12 -0.0 -90.0 127.42 5.00 4.00 1 15 
 13 130.0 0.0 37.66 5.00 4.00 1 15 
 14 0.0 130.0 54.13 5.00 4.00 1 15 
 15 -130.0 0.0 55.96 5.00 4.00 1 15 
 16 -0.0 -130.0 70.77 5.00 4.00 1 15 
 17 19.32 5.18 73.42 2.00 2.00 2 5 10 
 18 5.18 19.32 119.06 2.00 2.00 2 5 10 
 19 -5.18 19.32 96.98 2.00 2.00 2 5 10 
 20 -19.32 5.18 137.88 2.00 2.00 2 5 10 
 21 -19.32 -5.18 90.76 2.00 2.00 2 5 10 
 22 -5.18 -19.32 99.24 2.00 2.00 2 5 10 
 23 5.18 -19.32 138.61 2.00 2.00 2 5 10 
 24 19.32 -5.18 70.65 2.00 2.00 2 5 10 
 25 38.64 10.35 77.38 2.00 2.00 2 5 10 
 26 10.35 38.64 77.50 2.00 2.00 2 5 10 
 27 -10.35 38.64 111.60 2.00 2.00 2 5 10 
 28 -38.64 10.35 69.35 2.00 2.00 2 5 10 
 29 -38.64 -10.35 79.85 2.00 2.00 2 5 10 
 30 -10.35 -38.64 92.03 2.00 2.00 2 5 10 
 31 10.35 -38.64 86.80 2.00 2.00 2 5 10 
 32 38.64 -10.35 68.05 2.00 2.00 2 5 10 
 33 57.96 15.53 58.45 2.00 2.00 2 5 10 
 34 15.53 57.96 72.37 2.00 2.00 2 5 10 
 35 -15.53 57.96 77.54 2.00 2.00 2 5 10 
 36 -57.96 15.53 74.17 2.00 2.00 2 5 10 
 37 -57.96 -15.53 75.10 2.00 2.00 2 5 10 
 38 -15.53 -57.96 57.95 2.00 2.00 2 5 10 
 39 15.53 -57.96 58.94 2.00 2.00 2 5 10 
 40 57.96 -15.53 48.82 2.00 2.00 2 5 10 
 41 77.27 20.71 52.77 2.00 2.00 2 5 10 
 42 20.71 77.27 53.90 2.00 2.00 2 5 10 
 43 -20.71 77.27 50.77 2.00 2.00 2 5 10 
 44 -77.27 20.71 47.03 2.00 2.00 2 5 10 
 45 -77.27 -20.71 41.39 2.00 2.00 2 5 10 
 46 -20.71 -77.27 44.53 2.00 2.00 2 5 10 
 47 20.71 -77.27 34.23 2.00 2.00 2 5 10 
 48 77.27 -20.71 42.88 2.00 2.00 2 5 10 
 49 96.59 25.88 23.72 2.00 2.00 2 5 10 
 50 25.88 96.59 40.11 2.00 2.00 2 5 10 
 51 -25.88 96.59 47.39 2.00 2.00 2 5 10 
 52 -96.59 25.88 34.83 2.00 2.00 2 5 10 
 53 -96.59 -25.88 45.38 2.00 2.00 2 5 10 
 54 -25.88 -96.59 45.45 2.00 2.00 2 5 10 
 55 25.88 -96.59 36.79 2.00 2.00 2 5 10 
 56 96.59 -25.88 42.31 2.00 2.00 2 5 10 
 57 115.91 31.06 23.01 2.00 2.00 2 5 10 
 58 31.06 115.91 18.20 2.00 2.00 2 5 10 
 59 -31.06 115.91 18.91 2.00 2.00 2 5 10 
 60 -115.91 31.06 27.75 2.00 2.00 2 5 10 
 61 -115.91 -31.06 27.43 2.00 2.00 2 5 10 
 62 -31.06 -115.91 26.16 2.00 2.00 2 5 10 
 63 31.06 -115.91 29.12 2.00 2.00 2 5 10 
 64 115.91 -31.06 14.53 2.00 2.00 2 5 10 
 65 29.74 3.92 44.35 1.00 1.00 4 1 2 4 8 
 66 27.72 11.48 66.65 1.00 1.00 4 1 2 4 8 
 67 11.48 27.72 63.61 1.00 1.00 4 1 2 4 8 
 68 3.92 29.74 53.99 1.00 1.00 4 1 2 4 8 
 69 -3.92 29.74 42.23 1.00 1.00 4 1 2 4 8 
 70 -11.48 27.72 35.72 1.00 1.00 4 1 2 4 8 
 71 -27.72 11.48 59.88 1.00 1.00 4 1 2 4 8 
 72 -29.74 3.92 62.90 1.00 1.00 4 1 2 4 8 
 73 -29.74 -3.92 42.82 1.00 1.00 4 1 2 4 8 
 74 -27.72 -11.48 66.72 1.00 1.00 4 1 2 4 8 
 75 -11.48 -27.72 60.19 1.00 1.00 4 1 2 4 8 
 76 -3.92 -29.74 38.65 1.00 1.00 4 1 2 4 8 
 77 3.92 -29.74 62.10 1.00 1.00 4 1 2 4 8 
 78 11.48 -27.72 50.62 1.00 1.00 4 1 2 4 8 
 79 27.72 -11.48 63.57 1.00 1.00 4 1 2 4 8 
 80 29.74 -3.92 48.45 1.00 1.00 4 1 2 4 8 
 81 69.4 9.14 23.14 1.00 1.00 4 1 2 4 8 
 82 64.67 26.79 31.83 1.00 1.00 4 1 2 4 8 
 83 26.79 64.67 31.33 1.00 1.00 4 1 2 4 8 
 84 9.14 69.4 34.44 1.00 1.00 4 1 2 4 8 
 85 -9.14 69.4 27.74 1.00 1.00 4 1 2 4 8 
 86 -26.79 64.67 28.84 1.00 1.00 4 1 2 4 8 
 87 -64.67 26.79 22.65 1.00 1.00 4 1 2 4 8 
 88 -69.4 9.14 31.22 1.00 1.00 4 1 2 4 8 
 89 -69.4 -9.14 22.48 1.00 1.00 4 1 2 4 8 
 90 -64.67 -26.79 21.80 1.00 1.00 4 1 2 4 8 
 91 -26.79 -64.67 30.26 1.00 1.00 4 1 2 4 8 
 92 -9.14 -69.4 26.54 1.00 1.00 4 1 2 4 8 
 93 9.14 -69.4 28.52 1.00 1.00 4 1 2 4 8 
 94 26.79 -64.67 27.14 1.00 1.00 4 1 2 4 8 
 95 64.67 -26.79 21.80 1.00 1.00 4 1 2 4 8 
 96 69.4 -9.14 35.85 1.00 1.00 4 1 2 4 8 
 97 109.06 14.36 25.53 1.00 1.00 4 1 2 4 8 
 98 101.63 42.1 10.68 1.00 1.00 4 1 2 4 8 
 99 42.1 101.63 8.69 1.00 1.00 4 1 2 4 8 
100 14.36 109.06 14.63 1.00 1.00 4 1 2 4 8 
101 -14.36 109.06 27.65 1.00 1.00 4 1 2 4 8 
102 -42.1 101.63 14.69 1.00 1.00 4 1 2 4 8 
103 -101.63 42.1 9.31 1.00 1.00 4 1 2 4 8 
104 -109.06 14.36 26.89 1.00 1.00 4 1 2 4 8 
105 -109.06 -14.36 18.27 1.00 1.00 4 1 2 4 8 
106 -101.63 -42.1 10.17 1.00 1.00 4 1 2 4 8 
107 -42.1 -101.63 12.27 1.00 1.00 4 1 2 4 8 
108 -14.36 -109.06 21.88 1.00 1.00 4 1 2 4 8 
109 14.36 -109.06 14.63 1.00 1.00 4 1 2 4 8 
110 42.1 -101.63 10.45 1.00 1.00 4 1 2 4 8 
111 101.63 -42.1 13.48 1.00 1.00 4 1 2 4 8 
