1 3 50 5
0 160
0 160
0 160
0 160
0 160
212 0
212 0
212 0
212 0
212 0
  0 30.0 40.0 0.00 0.00 0.00 0 
  1 37.0 52.0 9.99 7.00 1.00 5 1 2 4 8 16 
  2 49.0 49.0 85.75 30.00 5.00 1 31 
  3 52.0 64.0 23.98 16.00 2.00 3 5 10 20 
  4 20.0 26.0 17.82 9.00 1.00 5 1 2 4 8 16 
  5 40.0 30.0 65.38 21.00 2.00 3 5 10 20 
  6 21.0 47.0 36.90 15.00 2.00 3 5 10 20 
  7 17.0 63.0 29.02 19.00 2.00 3 5 10 20 
  8 31.0 62.0 32.68 23.00 2.00 3 5 10 20 
  9 52.0 33.0 14.46 11.00 2.00 3 5 10 20 
 10 51.0 21.0 9.06 5.00 1.00 5 1 2 4 8 16 
 11 42.0 41.0 40.61 19.00 2.00 3 5 10 20 
 12 31.0 32.0 89.70 29.00 5.00 1 31 
 13 5.0 25.0 31.16 23.00 2.00 3 5 10 20 
 14 12.0 42.0 22.09 21.00 2.00 3 5 10 20 
 15 36.0 16.0 18.91 10.00 1.00 5 1 2 4 8 16 
 16 52.0 41.0 41.07 15.00 2.00 3 5 10 20 
 17 27.0 23.0 6.97 3.00 1.00 5 1 2 4 8 16 
 18 17.0 33.0 73.08 41.00 5.00 1 31 
 19 13.0 13.0 8.46 9.00 1.00 5 1 2 4 8 16 
 20 57.0 58.0 50.40 28.00 5.00 1 31 
 21 62.0 42.0 12.09 8.00 1.00 5 1 2 4 8 16 
 22 42.0 57.0 14.07 8.00 1.00 5 1 2 4 8 16 
 23 16.0 57.0 20.88 16.00 2.00 3 5 10 20 
 24 8.0 52.0 15.10 10.00 1.00 5 1 2 4 8 16 
 25 7.0 38.0 26.35 28.00 5.00 1 31 
 26 27.0 68.0 5.89 7.00 1.00 5 1 2 4 8 16 
 27 30.0 48.0 30.14 15.00 2.00 3 5 10 20 
 28 43.0 67.0 15.93 14.00 2.00 3 5 10 20 
 29 58.0 48.0 8.06 6.00 1.00 5 1 2 4 8 16 
 30 58.0 27.0 31.77 19.00 2.00 3 5 10 20 
 31 37.0 69.0 15.91 11.00 2.00 3 5 10 20 
 32 38.0 46.0 28.86 12.00 2.00 3 5 10 20 
 33 46.0 10.0 16.84 23.00 2.00 3 5 10 20 
 34 61.0 33.0 32.98 26.00 5.00 1 31 
 35 62.0 63.0 19.34 17.00 2.00 3 5 10 20 
 36 63.0 69.0 4.45 6.00 1.00 5 1 2 4 8 16 
 37 32.0 22.0 16.10 9.00 1.00 5 1 2 4 8 16 
 38 45.0 35.0 49.02 15.00 2.00 3 5 10 20 
 39 59.0 15.0 14.12 14.00 2.00 3 5 10 20 
 40 5.0 6.0 4.73 7.00 1.00 5 1 2 4 8 16 
 41 10.0 17.0 38.29 27.00 5.00 1 31 
 42 21.0 10.0 16.38 13.00 2.00 3 5 10 20 
 43 5.0 64.0 10.58 11.00 2.00 3 5 10 20 
 44 30.0 15.0 24.94 16.00 2.00 3 5 10 20 
 45 39.0 10.0 10.96 10.00 1.00 5 1 2 4 8 16 
 46 32.0 39.0 13.00 5.00 1.00 5 1 2 4 8 16 
 47 25.0 32.0 60.68 25.00 2.00 3 5 10 20 
 48 25.0 55.0 29.93 17.00 2.00 3 5 10 20 
 49 48.0 28.0 30.23 18.00 2.00 3 5 10 20 
