1 6 144 6
475 190
475 190
475 190
475 190
475 190
475 190
448 0
448 0
448 0
448 0
448 0
448 0
  0 -12.17 -0.09 0.00 0.00 0.00 0 
  1 -40.29 -42.3 177.79 20.00 6.00 1 63 
  2 -64.71 -17.39 48.59 10.00 6.00 1 63 
  3 5.06 -14.35 31.54 8.00 6.00 1 63 
  4 72.1 20.23 11.74 6.00 6.00 1 63 
  5 2.59 -15.0 7.06 1.00 6.00 1 63 
  6 -24.18 -72.89 80.52 19.00 6.00 1 63 
  7 -13.19 66.5 62.08 13.00 6.00 1 63 
  8 33.19 13.69 187.98 24.00 6.00 1 63 
  9 66.83 -30.55 25.82 15.00 6.00 1 63 
 10 19.93 35.88 65.64 13.00 6.00 1 63 
 11 -27.77 32.27 66.34 10.00 6.00 1 63 
 12 51.15 -16.83 6.69 4.00 6.00 1 63 
 13 -19.21 23.75 111.97 12.00 6.00 1 63 
 14 -46.64 -52.95 180.82 21.00 6.00 1 63 
 15 -10.59 -16.63 17.14 2.00 6.00 1 63 
 16 35.15 12.62 59.58 10.00 6.00 1 63 
 17 -37.38 12.26 146.50 20.00 6.00 1 63 
 18 82.79 25.84 15.53 9.00 6.00 1 63 
 19 8.94 -3.72 136.40 24.00 6.00 1 63 
 20 -56.66 25.56 89.61 19.00 6.00 1 63 
 21 -52.02 -40.14 81.54 13.00 6.00 1 63 
 22 39.27 12.79 49.75 14.00 6.00 1 63 
 23 19.76 21.23 92.74 17.00 6.00 1 63 
 24 -23.07 -12.66 251.42 25.00 6.00 1 63 
 25 15.69 52.37 5.76 1.00 6.00 1 63 
 26 58.77 -7.06 24.96 9.00 6.00 1 63 
 27 -33.09 72.27 28.21 12.00 6.00 1 63 
 28 2.55 46.85 192.61 22.00 6.00 1 63 
 29 -18.72 73.13 5.60 2.00 6.00 1 63 
 30 -67.63 -20.68 118.89 21.00 6.00 1 63 
 31 -76.86 -11.37 24.36 8.00 6.00 1 63 
 32 -24.19 -38.26 186.54 19.00 6.00 1 63 
 33 -20.37 -31.9 154.58 24.00 6.00 1 63 
 34 9.29 39.62 165.23 24.00 6.00 1 63 
 35 26.04 35.97 9.75 2.00 6.00 1 63 
 36 -57.39 -45.26 111.37 20.00 6.00 1 63 
 37 1.49 -62.59 58.69 20.00 3.00 2 21 42 
 38 34.94 13.67 33.72 5.00 3.00 2 21 42 
 39 -22.29 45.65 143.67 17.00 3.00 2 21 42 
 40 -5.92 44.06 40.61 4.00 3.00 2 21 42 
 41 -38.45 -23.54 177.72 21.00 3.00 2 21 42 
 42 28.89 33.94 13.28 3.00 3.00 2 21 42 
 43 -35.39 -5.34 118.30 16.00 3.00 2 21 42 
 44 -19.5 13.52 131.71 14.00 3.00 2 21 42 
 45 -9.22 -30.99 29.28 6.00 3.00 2 21 42 
 46 -22.13 -17.07 46.02 5.00 3.00 2 21 42 
 47 -22.83 36.81 100.51 12.00 3.00 2 21 42 
 48 -61.37 -18.46 100.31 23.00 3.00 2 21 42 
 49 50.13 -66.05 13.77 12.00 3.00 2 21 42 
 50 25.65 24.14 108.06 18.00 3.00 2 21 42 
 51 65.52 42.81 27.41 24.00 3.00 2 21 42 
 52 -60.96 -47.93 21.15 3.00 3.00 2 21 42 
 53 -9.07 42.8 25.12 3.00 3.00 2 21 42 
 54 -19.06 4.48 290.12 25.00 3.00 2 21 42 
 55 -54.07 -3.87 146.30 22.00 3.00 2 21 42 
 56 -25.6 -18.87 265.69 25.00 3.00 2 21 42 
 57 -18.71 84.3 33.30 15.00 3.00 2 21 42 
 58 -70.18 -39.17 116.82 18.00 3.00 2 21 42 
 59 -14.64 -0.45 56.85 8.00 3.00 2 21 42 
 60 -76.47 -38.92 66.13 20.00 3.00 2 21 42 
 61 44.09 12.43 79.99 18.00 3.00 2 21 42 
 62 -22.77 -50.87 22.97 5.00 3.00 2 21 42 
 63 19.1 44.67 115.12 25.00 3.00 2 21 42 
 64 -44.02 -39.94 147.87 16.00 3.00 2 21 42 
 65 -2.97 -4.06 144.12 14.00 3.00 2 21 42 
 66 -24.26 35.91 6.50 1.00 3.00 2 21 42 
 67 -61.88 -73.9 37.63 15.00 3.00 2 21 42 
 68 -5.64 -26.72 105.56 22.00 3.00 2 21 42 
 69 45.84 -36.84 16.61 6.00 3.00 2 21 42 
 70 -51.75 -79.84 42.33 24.00 3.00 2 21 42 
 71 -33.01 10.99 163.82 19.00 3.00 2 21 42 
 72 -25.65 -0.37 74.36 12.00 3.00 2 21 42 
 73 -21.5 61.49 66.75 13.00 2.00 3 9 18 36 
 74 2.03 26.73 76.08 10.00 2.00 3 9 18 36 
 75 -26.76 14.81 94.95 12.00 2.00 3 9 18 36 
 76 -37.26 -44.86 93.62 13.00 2.00 3 9 18 36 
 77 -0.86 -16.42 138.96 25.00 2.00 3 9 18 36 
 78 -51.16 34.97 35.99 12.00 2.00 3 9 18 36 
 79 -41.27 -76.89 5.83 2.00 2.00 3 9 18 36 
 80 -30.26 74.7 37.50 11.00 2.00 3 9 18 36 
 81 -46.37 -1.51 57.95 10.00 2.00 3 9 18 36 
 82 -71.62 73.08 7.62 9.00 2.00 3 9 18 36 
 83 -46.61 -39.95 199.37 21.00 2.00 3 9 18 36 
 84 -30.24 67.1 44.54 14.00 2.00 3 9 18 36 
 85 -41.0 -43.04 143.95 15.00 2.00 3 9 18 36 
 86 -74.29 -52.31 35.34 6.00 2.00 3 9 18 36 
 87 -17.61 -71.85 66.95 25.00 2.00 3 9 18 36 
 88 2.35 -81.81 18.06 14.00 2.00 3 9 18 36 
 89 -85.49 -54.06 52.48 17.00 2.00 3 9 18 36 
 90 23.82 10.57 48.68 8.00 2.00 3 9 18 36 
 91 -24.53 -31.73 23.03 4.00 2.00 3 9 18 36 
 92 -42.47 -15.01 170.28 17.00 2.00 3 9 18 36 
 93 -33.62 50.33 145.48 23.00 2.00 3 9 18 36 
 94 -81.46 -41.57 16.72 4.00 2.00 3 9 18 36 
 95 -73.51 -48.28 22.22 4.00 2.00 3 9 18 36 
 96 -3.05 70.9 46.53 9.00 2.00 3 9 18 36 
 97 0.95 25.46 105.96 9.00 2.00 3 9 18 36 
 98 -54.14 13.53 65.33 19.00 2.00 3 9 18 36 
 99 -30.63 7.53 112.22 12.00 2.00 3 9 18 36 
100 -68.34 -34.28 177.54 25.00 2.00 3 9 18 36 
101 7.18 57.94 45.51 8.00 2.00 3 9 18 36 
102 4.71 48.67 107.51 13.00 2.00 3 9 18 36 
103 58.09 26.38 10.50 3.00 2.00 3 9 18 36 
104 18.35 34.78 48.31 6.00 2.00 3 9 18 36 
105 -44.63 -61.98 60.89 11.00 2.00 3 9 18 36 
106 5.23 26.07 264.40 24.00 2.00 3 9 18 36 
107 -48.07 -36.76 96.26 16.00 2.00 3 9 18 36 
108 -3.59 -27.73 131.92 21.00 2.00 3 9 18 36 
109 9.81 36.9 178.98 25.00 1.00 6 1 2 4 8 16 32 
110 59.46 1.23 40.62 10.00 1.00 6 1 2 4 8 16 32 
111 -47.52 19.87 10.04 2.00 1.00 6 1 2 4 8 16 32 
112 -48.43 -50.32 93.89 13.00 1.00 6 1 2 4 8 16 32 
113 44.67 20.95 82.18 14.00 1.00 6 1 2 4 8 16 32 
114 -19.23 32.77 146.40 19.00 1.00 6 1 2 4 8 16 32 
115 -15.66 17.46 123.30 16.00 1.00 6 1 2 4 8 16 32 
116 -91.67 77.72 7.31 23.00 1.00 6 1 2 4 8 16 32 
117 -30.04 -78.28 41.31 13.00 1.00 6 1 2 4 8 16 32 
118 73.66 32.94 33.45 24.00 1.00 6 1 2 4 8 16 32 
119 22.4 -60.08 25.20 17.00 1.00 6 1 2 4 8 16 32 
120 61.21 -13.5 19.85 8.00 1.00 6 1 2 4 8 16 32 
121 22.13 -50.01 18.47 12.00 1.00 6 1 2 4 8 16 32 
122 -6.32 56.67 39.77 6.00 1.00 6 1 2 4 8 16 32 
123 -20.47 12.89 199.32 20.00 1.00 6 1 2 4 8 16 32 
124 -61.08 -44.77 136.99 20.00 1.00 6 1 2 4 8 16 32 
125 -9.58 -19.37 122.18 24.00 1.00 6 1 2 4 8 16 32 
126 5.63 -88.5 14.46 10.00 1.00 6 1 2 4 8 16 32 
127 -2.62 22.13 114.49 18.00 1.00 6 1 2 4 8 16 32 
128 40.5 32.34 56.94 10.00 1.00 6 1 2 4 8 16 32 
129 -3.3 36.77 138.69 15.00 1.00 6 1 2 4 8 16 32 
130 -51.0 19.78 59.85 12.00 1.00 6 1 2 4 8 16 32 
131 -70.52 -3.81 88.43 22.00 1.00 6 1 2 4 8 16 32 
132 4.21 0.81 70.57 11.00 1.00 6 1 2 4 8 16 32 
133 9.96 26.34 123.11 14.00 1.00 6 1 2 4 8 16 32 
134 13.54 -21.31 31.79 9.00 1.00 6 1 2 4 8 16 32 
135 -21.87 -18.77 61.28 6.00 1.00 6 1 2 4 8 16 32 
136 -37.16 -30.77 202.88 23.00 1.00 6 1 2 4 8 16 32 
137 -86.98 10.35 10.39 8.00 1.00 6 1 2 4 8 16 32 
138 -47.27 -46.33 136.84 22.00 1.00 6 1 2 4 8 16 32 
139 4.1 -19.35 44.70 7.00 1.00 6 1 2 4 8 16 32 
140 4.21 30.29 114.19 15.00 1.00 6 1 2 4 8 16 32 
141 -42.02 53.99 76.74 22.00 1.00 6 1 2 4 8 16 32 
142 35.1 -10.9 23.32 7.00 1.00 6 1 2 4 8 16 32 
143 61.19 -59.88 10.60 14.00 1.00 6 1 2 4 8 16 32 
