1 8 192 4
440 185
440 185
440 185
440 185
766 0
766 0
766 0
766 0
  0 -12.28 9.16 0.00 0.00 0.00 0 
  1 -44.63 -55.64 45.39 11.00 4.00 1 15 
  2 36.1 64.94 32.30 11.00 4.00 1 15 
  3 -25.47 44.58 224.87 23.00 4.00 1 15 
  4 -33.95 -73.06 35.16 16.00 4.00 1 15 
  5 45.65 35.73 62.85 16.00 4.00 1 15 
  6 14.95 -36.72 19.05 2.00 4.00 1 15 
  7 -1.48 47.21 7.91 1.00 4.00 1 15 
  8 2.16 -40.91 298.73 25.00 4.00 1 15 
  9 22.99 1.4 153.33 24.00 4.00 1 15 
 10 -28.86 5.96 108.50 14.00 4.00 1 15 
 11 -48.12 94.12 4.87 6.00 4.00 1 15 
 12 7.24 17.32 268.53 20.00 4.00 1 15 
 13 4.61 27.05 92.72 10.00 4.00 1 15 
 14 -13.97 28.2 169.95 11.00 4.00 1 15 
 15 12.95 -11.69 18.67 2.00 4.00 1 15 
 16 -36.67 23.1 218.38 22.00 4.00 1 15 
 17 -4.22 -49.31 16.98 2.00 4.00 1 15 
 18 1.09 -7.14 176.45 12.00 4.00 1 15 
 19 -56.96 27.91 57.34 9.00 4.00 1 15 
 20 -80.99 -77.69 18.74 21.00 4.00 1 15 
 21 72.26 59.03 8.16 10.00 4.00 1 15 
 22 -21.66 1.64 159.13 13.00 4.00 1 15 
 23 -20.15 -62.42 208.42 25.00 4.00 1 15 
 24 -48.16 6.29 52.86 9.00 4.00 1 15 
 25 -5.08 61.6 148.79 19.00 4.00 1 15 
 26 17.15 -47.05 218.38 22.00 4.00 1 15 
 27 -16.06 8.56 39.10 4.00 4.00 1 15 
 28 6.68 -27.07 62.56 4.00 4.00 1 15 
 29 15.03 -34.98 83.47 7.00 4.00 1 15 
 30 37.95 73.91 49.08 20.00 4.00 1 15 
 31 -41.2 -43.02 94.12 17.00 4.00 1 15 
 32 32.54 11.79 119.42 19.00 4.00 1 15 
 33 -20.31 -20.24 166.62 12.00 4.00 1 15 
 34 -35.48 19.14 16.47 2.00 4.00 1 15 
 35 58.04 56.66 31.92 13.00 4.00 1 15 
 36 -36.69 -6.26 140.78 24.00 4.00 1 15 
 37 0.45 -46.74 260.26 22.00 4.00 1 15 
 38 -19.69 38.98 184.59 17.00 4.00 1 15 
 39 -47.34 20.91 210.42 19.00 4.00 1 15 
 40 -79.24 -57.68 4.52 4.00 4.00 1 15 
 41 5.6 -34.08 149.50 12.00 4.00 1 15 
 42 34.45 -8.29 193.71 22.00 4.00 1 15 
 43 18.5 -51.15 14.81 2.00 4.00 1 15 
 44 -4.35 -44.53 167.02 19.00 4.00 1 15 
 45 -14.15 -74.16 12.09 3.00 4.00 1 15 
 46 19.87 77.52 17.63 5.00 4.00 1 15 
 47 -50.08 17.87 127.36 22.00 4.00 1 15 
 48 42.79 -79.88 5.31 6.00 4.00 1 15 
 49 1.52 -29.03 144.87 9.00 2.00 2 5 10 
 50 14.73 -3.44 107.35 8.00 2.00 2 5 10 
 51 -26.17 -49.0 229.36 24.00 2.00 2 5 10 
 52 -63.87 -5.27 39.77 15.00 2.00 2 5 10 
 53 -54.14 7.09 88.53 16.00 2.00 2 5 10 
 54 17.93 -34.09 118.03 9.00 2.00 2 5 10 
 55 -98.71 34.55 0.53 1.00 2.00 2 5 10 
 56 28.8 -8.58 143.93 18.00 2.00 2 5 10 
 57 2.72 90.59 31.47 17.00 2.00 2 5 10 
 58 -31.02 48.94 194.81 18.00 2.00 2 5 10 
 59 -46.55 42.32 15.20 2.00 2.00 2 5 10 
 60 27.29 58.18 92.71 25.00 2.00 2 5 10 
 61 28.82 -28.03 139.25 21.00 2.00 2 5 10 
 62 -26.1 11.33 288.69 19.00 2.00 2 5 10 
 63 0.54 -26.22 153.11 10.00 2.00 2 5 10 
 64 -50.46 7.81 13.99 2.00 2.00 2 5 10 
 65 30.01 19.09 144.22 21.00 2.00 2 5 10 
 66 -12.6 22.06 254.06 20.00 2.00 2 5 10 
 67 22.01 -8.64 136.13 21.00 2.00 2 5 10 
 68 8.94 2.88 30.17 2.00 2.00 2 5 10 
 69 -19.81 0.92 50.76 6.00 2.00 2 5 10 
 70 -4.23 31.25 19.80 2.00 2.00 2 5 10 
 71 17.98 -0.41 72.93 12.00 2.00 2 5 10 
 72 -2.35 42.94 88.95 12.00 2.00 2 5 10 
 73 -16.52 68.09 34.63 5.00 2.00 2 5 10 
 74 -1.19 42.02 68.40 5.00 2.00 2 5 10 
 75 56.64 -44.02 10.33 8.00 2.00 2 5 10 
 76 57.48 35.5 24.99 15.00 2.00 2 5 10 
 77 -26.1 7.48 59.43 8.00 2.00 2 5 10 
 78 7.49 -57.24 74.64 7.00 2.00 2 5 10 
 79 -22.1 55.78 140.82 14.00 2.00 2 5 10 
 80 19.87 38.82 139.48 18.00 2.00 2 5 10 
 81 5.31 49.22 133.45 17.00 2.00 2 5 10 
 82 15.16 6.3 39.66 5.00 2.00 2 5 10 
 83 5.48 -31.5 62.67 6.00 2.00 2 5 10 
 84 7.96 -28.66 100.95 9.00 2.00 2 5 10 
 85 -75.81 4.01 61.63 24.00 2.00 2 5 10 
 86 -43.67 -61.65 58.49 13.00 2.00 2 5 10 
 87 -2.58 -62.14 61.34 5.00 2.00 2 5 10 
 88 -18.84 -36.88 46.86 4.00 2.00 2 5 10 
 89 20.84 21.17 209.46 22.00 2.00 2 5 10 
 90 3.14 -19.22 250.78 24.00 2.00 2 5 10 
 91 -20.36 18.88 242.16 25.00 2.00 2 5 10 
 92 -0.9 -54.94 91.34 9.00 2.00 2 5 10 
 93 -29.55 9.28 90.03 8.00 2.00 2 5 10 
 94 5.05 -35.05 84.57 8.00 2.00 2 5 10 
 95 27.76 48.71 148.03 25.00 2.00 2 5 10 
 96 12.08 -42.35 96.24 7.00 2.00 2 5 10 
 97 -51.27 41.14 171.20 24.00 1.00 4 1 2 4 8 
 98 -29.08 4.29 176.28 16.00 1.00 4 1 2 4 8 
 99 -18.56 -14.82 174.80 15.00 1.00 4 1 2 4 8 
100 7.86 -49.45 99.37 7.00 1.00 4 1 2 4 8 
101 -19.12 -32.09 122.31 17.00 1.00 4 1 2 4 8 
102 17.65 -52.27 89.53 9.00 1.00 4 1 2 4 8 
103 16.91 -62.96 129.62 14.00 1.00 4 1 2 4 8 
104 18.99 6.22 205.92 20.00 1.00 4 1 2 4 8 
105 -68.88 -64.54 9.55 6.00 1.00 4 1 2 4 8 
106 -13.36 20.26 174.34 17.00 1.00 4 1 2 4 8 
107 -44.44 63.72 83.01 23.00 1.00 4 1 2 4 8 
108 -6.5 71.44 66.01 14.00 1.00 4 1 2 4 8 
109 -51.98 25.41 152.45 19.00 1.00 4 1 2 4 8 
110 -0.74 59.49 209.88 21.00 1.00 4 1 2 4 8 
111 -64.68 83.04 3.43 6.00 1.00 4 1 2 4 8 
112 -11.27 -35.94 11.14 1.00 1.00 4 1 2 4 8 
113 -16.86 7.78 276.57 22.00 1.00 4 1 2 4 8 
114 19.84 -49.81 59.84 7.00 1.00 4 1 2 4 8 
115 -16.28 -2.94 207.41 14.00 1.00 4 1 2 4 8 
116 8.36 67.04 38.16 7.00 1.00 4 1 2 4 8 
117 30.88 24.32 124.98 25.00 1.00 4 1 2 4 8 
118 93.52 -20.23 9.44 17.00 1.00 4 1 2 4 8 
119 -9.33 -56.18 136.62 10.00 1.00 4 1 2 4 8 
120 -34.44 -63.31 106.82 23.00 1.00 4 1 2 4 8 
121 20.94 -5.65 210.73 22.00 1.00 4 1 2 4 8 
122 -3.42 89.59 5.91 3.00 1.00 4 1 2 4 8 
123 -18.74 45.23 170.67 14.00 1.00 4 1 2 4 8 
124 2.44 -30.52 199.28 14.00 1.00 4 1 2 4 8 
125 -28.86 56.62 16.95 2.00 1.00 4 1 2 4 8 
126 76.88 -29.9 1.25 2.00 1.00 4 1 2 4 8 
127 -90.47 10.28 28.56 21.00 1.00 4 1 2 4 8 
128 -35.1 46.55 78.84 10.00 1.00 4 1 2 4 8 
129 -48.4 43.85 76.79 10.00 1.00 4 1 2 4 8 
130 -41.0 26.7 41.82 5.00 1.00 4 1 2 4 8 
131 13.7 34.61 52.92 9.00 1.00 4 1 2 4 8 
132 -71.47 11.45 71.51 15.00 1.00 4 1 2 4 8 
133 -36.23 51.9 93.20 19.00 1.00 4 1 2 4 8 
134 -39.47 4.91 70.22 7.00 1.00 4 1 2 4 8 
135 -16.57 23.77 170.51 11.00 1.00 4 1 2 4 8 
136 10.75 -28.55 31.43 2.00 1.00 4 1 2 4 8 
137 -23.03 47.02 207.42 25.00 1.00 4 1 2 4 8 
138 -8.81 21.22 159.04 14.00 1.00 4 1 2 4 8 
139 -40.04 27.44 138.57 15.00 1.00 4 1 2 4 8 
140 -37.45 -41.04 80.48 12.00 1.00 4 1 2 4 8 
141 48.22 0.09 32.85 11.00 1.00 4 1 2 4 8 
142 -0.32 68.24 124.39 17.00 1.00 4 1 2 4 8 
143 -14.29 -33.42 35.82 4.00 1.00 4 1 2 4 8 
144 -1.44 -34.81 241.92 24.00 1.00 4 1 2 4 8 
145 -34.45 42.35 73.38 8.00 1.00 4 1 2 4 8 
146 8.68 -66.18 185.53 20.00 1.00 4 1 2 4 8 
147 -61.25 -51.37 26.03 12.00 1.00 4 1 2 4 8 
148 -1.09 9.91 127.47 10.00 1.00 4 1 2 4 8 
149 -16.57 66.55 58.25 12.00 1.00 4 1 2 4 8 
150 8.44 52.84 46.39 9.00 1.00 4 1 2 4 8 
151 -22.03 -36.9 170.48 16.00 1.00 4 1 2 4 8 
152 15.77 17.32 204.20 23.00 1.00 4 1 2 4 8 
153 9.0 -18.7 255.49 15.00 1.00 4 1 2 4 8 
154 -4.58 3.49 121.82 10.00 1.00 4 1 2 4 8 
155 8.88 40.66 128.63 21.00 1.00 4 1 2 4 8 
156 26.09 -33.97 18.84 2.00 1.00 4 1 2 4 8 
157 -32.5 39.53 201.25 16.00 1.00 4 1 2 4 8 
158 -32.63 -82.58 21.04 15.00 1.00 4 1 2 4 8 
159 -98.49 22.02 11.58 11.00 1.00 4 1 2 4 8 
160 -59.05 4.16 78.04 11.00 1.00 4 1 2 4 8 
161 7.43 -2.57 277.95 17.00 1.00 4 1 2 4 8 
162 -59.6 12.47 23.19 3.00 1.00 4 1 2 4 8 
163 -11.22 -31.83 102.89 9.00 1.00 4 1 2 4 8 
164 -16.81 -35.04 11.43 1.00 1.00 4 1 2 4 8 
165 21.86 18.14 92.43 13.00 1.00 4 1 2 4 8 
166 45.04 -61.32 3.00 1.00 1.00 4 1 2 4 8 
167 -48.82 25.57 12.31 2.00 1.00 4 1 2 4 8 
168 -32.18 -16.74 224.12 22.00 1.00 4 1 2 4 8 
169 12.44 -41.49 143.27 10.00 1.00 4 1 2 4 8 
170 -21.08 -77.08 16.89 4.00 1.00 4 1 2 4 8 
171 -17.82 -18.52 120.46 9.00 1.00 4 1 2 4 8 
172 48.33 93.52 13.43 11.00 1.00 4 1 2 4 8 
173 -18.68 49.01 32.88 3.00 1.00 4 1 2 4 8 
174 12.14 30.04 187.87 19.00 1.00 4 1 2 4 8 
175 3.11 -40.3 159.21 19.00 1.00 4 1 2 4 8 
176 17.13 37.08 39.71 4.00 1.00 4 1 2 4 8 
177 22.58 0.84 117.72 19.00 1.00 4 1 2 4 8 
178 -30.43 52.94 101.08 15.00 1.00 4 1 2 4 8 
179 33.77 -67.11 60.26 21.00 1.00 4 1 2 4 8 
180 5.41 1.53 220.05 25.00 1.00 4 1 2 4 8 
181 72.16 30.1 3.95 4.00 1.00 4 1 2 4 8 
182 -24.11 -34.63 35.99 3.00 1.00 4 1 2 4 8 
183 17.41 75.15 25.47 6.00 1.00 4 1 2 4 8 
184 10.64 -60.05 53.69 6.00 1.00 4 1 2 4 8 
185 -5.18 -49.0 249.49 21.00 1.00 4 1 2 4 8 
186 -19.34 21.12 249.63 25.00 1.00 4 1 2 4 8 
187 -46.8 -14.66 78.47 10.00 1.00 4 1 2 4 8 
188 -16.78 43.44 202.70 25.00 1.00 4 1 2 4 8 
189 14.09 -13.61 240.16 19.00 1.00 4 1 2 4 8 
190 -21.06 26.02 268.34 19.00 1.00 4 1 2 4 8 
191 39.81 -40.67 120.02 22.00 1.00 4 1 2 4 8 
