1 4 76 4
0 30
0 30
0 30
0 30
172 0
172 0
172 0
172 0
  0 0.0 0.0 0.00 0.00 0.00 0 
  1 10.0 0.0 179.55 5.00 4.00 1 15 
  2 0.0 10.0 195.34 5.00 4.00 1 15 
  3 -10.0 0.0 197.84 5.00 4.00 1 15 
  4 -0.0 -10.0 140.84 5.00 4.00 1 15 
  5 50.0 0.0 102.18 5.00 4.00 1 15 
  6 0.0 50.0 126.35 5.00 4.00 1 15 
  7 -50.0 0.0 148.40 5.00 4.00 1 15 
  8 -0.0 -50.0 157.29 5.00 4.00 1 15 
  9 90.0 0.0 22.77 5.00 4.00 1 15 
 10 0.0 90.0 39.83 5.00 4.00 1 15 
 11 -90.0 0.0 41.73 5.00 4.00 1 15 
 12 -0.0 -90.0 26.22 5.00 4.00 1 15 
 13 19.32 5.18 51.38 2.00 2.00 2 5 10 
 14 5.18 19.32 73.29 2.00 2.00 2 5 10 
 15 -5.18 19.32 69.25 2.00 2.00 2 5 10 
 16 -19.32 5.18 73.66 2.00 2.00 2 5 10 
 17 -19.32 -5.18 59.73 2.00 2.00 2 5 10 
 18 -5.18 -19.32 81.42 2.00 2.00 2 5 10 
 19 5.18 -19.32 77.96 2.00 2.00 2 5 10 
 20 19.32 -5.18 67.87 2.00 2.00 2 5 10 
 21 38.64 10.35 35.35 2.00 2.00 2 5 10 
 22 10.35 38.64 57.68 2.00 2.00 2 5 10 
 23 -10.35 38.64 49.87 2.00 2.00 2 5 10 
 24 -38.64 10.35 42.26 2.00 2.00 2 5 10 
 25 -38.64 -10.35 45.85 2.00 2.00 2 5 10 
 26 -10.35 -38.64 38.45 2.00 2.00 2 5 10 
 27 10.35 -38.64 51.07 2.00 2.00 2 5 10 
 28 38.64 -10.35 31.59 2.00 2.00 2 5 10 
 29 57.96 15.53 40.06 2.00 2.00 2 5 10 
 30 15.53 57.96 31.67 2.00 2.00 2 5 10 
 31 -15.53 57.96 44.71 2.00 2.00 2 5 10 
 32 -57.96 15.53 39.27 2.00 2.00 2 5 10 
 33 -57.96 -15.53 30.01 2.00 2.00 2 5 10 
 34 -15.53 -57.96 44.38 2.00 2.00 2 5 10 
 35 15.53 -57.96 36.52 2.00 2.00 2 5 10 
 36 57.96 -15.53 28.69 2.00 2.00 2 5 10 
 37 77.27 20.71 21.04 2.00 2.00 2 5 10 
 38 20.71 77.27 14.26 2.00 2.00 2 5 10 
 39 -20.71 77.27 17.41 2.00 2.00 2 5 10 
 40 -77.27 20.71 15.19 2.00 2.00 2 5 10 
 41 -77.27 -20.71 23.87 2.00 2.00 2 5 10 
 42 -20.71 -77.27 16.01 2.00 2.00 2 5 10 
 43 20.71 -77.27 15.41 2.00 2.00 2 5 10 
 44 77.27 -20.71 17.53 2.00 2.00 2 5 10 
 45 29.74 3.92 34.79 1.00 1.00 4 1 2 4 8 
 46 27.72 11.48 17.65 1.00 1.00 4 1 2 4 8 
 47 11.48 27.72 21.08 1.00 1.00 4 1 2 4 8 
 48 3.92 29.74 20.46 1.00 1.00 4 1 2 4 8 
 49 -3.92 29.74 33.90 1.00 1.00 4 1 2 4 8 
 50 -11.48 27.72 32.70 1.00 1.00 4 1 2 4 8 
 51 -27.72 11.48 19.11 1.00 1.00 4 1 2 4 8 
 52 -29.74 3.92 29.42 1.00 1.00 4 1 2 4 8 
 53 -29.74 -3.92 19.02 1.00 1.00 4 1 2 4 8 
 54 -27.72 -11.48 28.96 1.00 1.00 4 1 2 4 8 
 55 -11.48 -27.72 17.75 1.00 1.00 4 1 2 4 8 
 56 -3.92 -29.74 26.18 1.00 1.00 4 1 2 4 8 
 57 3.92 -29.74 18.76 1.00 1.00 4 1 2 4 8 
 58 11.48 -27.72 23.28 1.00 1.00 4 1 2 4 8 
 59 27.72 -11.48 17.88 1.00 1.00 4 1 2 4 8 
 60 29.74 -3.92 34.73 1.00 1.00 4 1 2 4 8 
 61 69.4 9.14 11.04 1.00 1.00 4 1 2 4 8 
 62 64.67 26.79 10.19 1.00 1.00 4 1 2 4 8 
 63 26.79 64.67 6.75 1.00 1.00 4 1 2 4 8 
 64 9.14 69.4 18.31 1.00 1.00 4 1 2 4 8 
 65 -9.14 69.4 14.81 1.00 1.00 4 1 2 4 8 
 66 -26.79 64.67 9.67 1.00 1.00 4 1 2 4 8 
 67 -64.67 26.79 10.66 1.00 1.00 4 1 2 4 8 
 68 -69.4 9.14 15.25 1.00 1.00 4 1 2 4 8 
 69 -69.4 -9.14 10.31 1.00 1.00 4 1 2 4 8 
 70 -64.67 -26.79 10.09 1.00 1.00 4 1 2 4 8 
 71 -26.79 -64.67 11.71 1.00 1.00 4 1 2 4 8 
 72 -9.14 -69.4 19.28 1.00 1.00 4 1 2 4 8 
 73 9.14 -69.4 19.46 1.00 1.00 4 1 2 4 8 
 74 26.79 -64.67 10.71 1.00 1.00 4 1 2 4 8 
 75 64.67 -26.79 8.59 1.00 1.00 4 1 2 4 8 
