1 9 216 6
450 180
450 180
450 180
450 180
450 180
450 180
549 0
549 0
549 0
549 0
549 0
549 0
  0 3.87 -2.6 0.00 0.00 0.00 0 
  1 -41.24 -66.36 23.53 3.00 6.00 1 63 
  2 34.06 -59.36 38.05 16.00 6.00 1 63 
  3 20.92 -52.58 36.81 8.00 6.00 1 63 
  4 -38.54 -37.4 197.00 15.00 6.00 1 63 
  5 41.06 22.93 129.51 12.00 6.00 1 63 
  6 -54.03 -53.13 122.43 13.00 6.00 1 63 
  7 8.1 80.73 7.78 8.00 6.00 1 63 
  8 81.3 13.41 210.47 24.00 6.00 1 63 
  9 14.46 -2.97 143.78 14.00 6.00 1 63 
 10 -52.54 60.11 18.80 17.00 6.00 1 63 
 11 -57.2 -34.23 117.28 8.00 6.00 1 63 
 12 -65.55 -40.22 125.45 11.00 6.00 1 63 
 13 -19.75 -10.28 81.40 8.00 6.00 1 63 
 14 -26.97 -87.01 51.82 17.00 6.00 1 63 
 15 3.19 -88.65 54.82 19.00 6.00 1 63 
 16 34.52 32.84 124.47 13.00 6.00 1 63 
 17 80.04 5.27 16.99 2.00 6.00 1 63 
 18 -39.84 -67.73 60.29 8.00 6.00 1 63 
 19 14.6 11.37 361.90 21.00 6.00 1 63 
 20 -20.99 -80.51 76.52 13.00 6.00 1 63 
 21 48.24 47.28 116.22 17.00 6.00 1 63 
 22 59.34 -31.86 12.28 4.00 6.00 1 63 
 23 -14.0 -45.62 212.24 22.00 6.00 1 63 
 24 32.4 -32.53 83.96 24.00 6.00 1 63 
 25 2.83 50.82 51.09 11.00 6.00 1 63 
 26 -66.08 -34.69 57.45 6.00 6.00 1 63 
 27 -13.66 18.64 185.56 19.00 6.00 1 63 
 28 -59.34 12.77 109.26 11.00 6.00 1 63 
 29 -5.13 -18.46 252.45 23.00 6.00 1 63 
 30 -22.96 -21.73 66.66 4.00 6.00 1 63 
 31 58.13 46.61 31.78 5.00 6.00 1 63 
 32 -49.6 -76.62 93.04 16.00 6.00 1 63 
 33 -4.8 43.04 12.42 2.00 6.00 1 63 
 34 68.62 -19.62 67.03 13.00 6.00 1 63 
 35 37.92 63.6 44.17 11.00 6.00 1 63 
 36 1.25 -26.55 92.76 9.00 6.00 1 63 
 37 -37.95 1.69 174.58 18.00 6.00 1 63 
 38 -40.5 8.04 65.28 7.00 6.00 1 63 
 39 -8.39 -38.68 195.27 24.00 6.00 1 63 
 40 -36.73 25.49 37.23 5.00 6.00 1 63 
 41 -47.75 -50.07 17.18 2.00 6.00 1 63 
 42 22.6 -28.36 34.11 5.00 6.00 1 63 
 43 -36.37 -48.16 44.38 5.00 6.00 1 63 
 44 75.45 -13.42 10.99 3.00 6.00 1 63 
 45 -64.52 -13.23 131.37 13.00 6.00 1 63 
 46 1.26 29.16 22.80 2.00 6.00 1 63 
 47 -1.57 -35.97 64.65 10.00 6.00 1 63 
 48 46.75 6.7 192.80 12.00 6.00 1 63 
 49 82.08 27.06 140.88 24.00 6.00 1 63 
 50 74.7 19.37 147.63 21.00 6.00 1 63 
 51 47.02 9.34 267.01 18.00 6.00 1 63 
 52 -62.04 -21.33 46.59 5.00 6.00 1 63 
 53 9.19 20.04 187.96 15.00 6.00 1 63 
 54 -3.09 21.58 130.96 11.00 6.00 1 63 
 55 -75.45 13.09 19.95 7.00 3.00 2 21 42 
 56 10.03 -63.74 13.49 3.00 3.00 2 21 42 
 57 71.81 26.5 165.70 17.00 3.00 2 21 42 
 58 18.84 -38.02 105.77 14.00 3.00 2 21 42 
 59 -10.54 -31.31 161.11 14.00 3.00 2 21 42 
 60 8.25 -91.15 17.43 7.00 3.00 2 21 42 
 61 72.82 -38.92 19.38 12.00 3.00 2 21 42 
 62 -30.16 38.78 26.91 5.00 3.00 2 21 42 
 63 -56.26 -5.55 95.14 11.00 3.00 2 21 42 
 64 -8.4 -37.6 177.99 17.00 3.00 2 21 42 
 65 15.02 13.71 51.77 3.00 3.00 2 21 42 
 66 -60.2 24.29 31.41 7.00 3.00 2 21 42 
 67 -13.79 -27.11 202.37 13.00 3.00 2 21 42 
 68 -34.8 -22.21 295.04 20.00 3.00 2 21 42 
 69 69.64 83.06 6.98 13.00 3.00 2 21 42 
 70 -44.44 30.09 16.44 4.00 3.00 2 21 42 
 71 48.63 3.02 36.86 3.00 3.00 2 21 42 
 72 -15.31 51.71 60.24 24.00 3.00 2 21 42 
 73 36.26 26.78 309.04 23.00 3.00 2 21 42 
 74 59.96 24.31 226.08 21.00 3.00 2 21 42 
 75 55.3 6.63 242.76 23.00 3.00 2 21 42 
 76 39.96 48.3 50.92 10.00 3.00 2 21 42 
 77 -48.9 -71.1 101.80 21.00 3.00 2 21 42 
 78 -2.34 -62.91 106.34 24.00 3.00 2 21 42 
 79 9.49 -41.9 72.37 9.00 3.00 2 21 42 
 80 -54.68 -18.44 262.82 22.00 3.00 2 21 42 
 81 10.98 -7.61 30.72 3.00 3.00 2 21 42 
 82 -69.82 -50.35 34.43 6.00 3.00 2 21 42 
 83 -40.31 -7.45 132.14 11.00 3.00 2 21 42 
 84 62.24 43.63 116.01 10.00 3.00 2 21 42 
 85 29.08 63.12 47.63 15.00 3.00 2 21 42 
 86 -12.07 -21.51 109.43 9.00 3.00 2 21 42 
 87 14.73 28.91 206.14 20.00 3.00 2 21 42 
 88 -63.09 -60.11 143.31 19.00 3.00 2 21 42 
 89 33.66 -0.93 179.75 19.00 3.00 2 21 42 
 90 -12.23 14.15 219.35 19.00 3.00 2 21 42 
 91 -89.97 51.51 8.99 20.00 3.00 2 21 42 
 92 -0.76 41.34 5.41 1.00 3.00 2 21 42 
 93 80.7 32.98 110.76 15.00 3.00 2 21 42 
 94 -53.39 -14.24 229.66 18.00 3.00 2 21 42 
 95 -53.28 -64.14 10.58 2.00 3.00 2 21 42 
 96 73.26 10.67 205.98 25.00 3.00 2 21 42 
 97 59.61 13.45 318.84 20.00 3.00 2 21 42 
 98 -37.01 6.48 261.47 18.00 3.00 2 21 42 
 99 -53.66 21.69 58.15 8.00 3.00 2 21 42 
100 -36.89 18.37 28.60 3.00 3.00 2 21 42 
101 -4.61 -13.81 22.82 2.00 3.00 2 21 42 
102 53.8 36.99 128.13 15.00 3.00 2 21 42 
103 48.47 -66.04 11.04 21.00 3.00 2 21 42 
104 -46.39 -20.93 101.30 6.00 3.00 2 21 42 
105 -15.05 -40.85 314.29 24.00 3.00 2 21 42 
106 -73.62 -9.55 115.59 19.00 3.00 2 21 42 
107 92.85 45.59 45.01 23.00 3.00 2 21 42 
108 33.56 28.06 171.95 16.00 3.00 2 21 42 
109 47.32 24.41 187.05 16.00 2.00 3 9 18 36 
110 -6.61 -30.16 70.90 9.00 2.00 3 9 18 36 
111 12.1 23.84 13.81 1.00 2.00 3 9 18 36 
112 -61.96 26.24 53.71 10.00 2.00 3 9 18 36 
113 23.88 9.81 125.37 14.00 2.00 3 9 18 36 
114 49.78 6.87 100.07 11.00 2.00 3 9 18 36 
115 -53.02 -21.48 33.52 4.00 2.00 3 9 18 36 
116 54.96 2.99 248.78 23.00 2.00 3 9 18 36 
117 4.87 -69.59 120.60 23.00 2.00 3 9 18 36 
118 33.95 45.21 135.10 22.00 2.00 3 9 18 36 
119 -32.17 -23.62 193.81 11.00 2.00 3 9 18 36 
120 -17.55 -46.77 118.43 14.00 2.00 3 9 18 36 
121 31.74 33.97 179.50 12.00 2.00 3 9 18 36 
122 45.37 22.13 190.14 13.00 2.00 3 9 18 36 
123 -5.22 -23.11 100.61 11.00 2.00 3 9 18 36 
124 -51.06 -46.55 76.94 9.00 2.00 3 9 18 36 
125 11.77 11.13 98.53 6.00 2.00 3 9 18 36 
126 -39.76 -13.02 348.87 25.00 2.00 3 9 18 36 
127 27.93 29.32 394.45 21.00 2.00 3 9 18 36 
128 33.74 66.6 31.96 13.00 2.00 3 9 18 36 
129 -91.82 29.86 26.61 23.00 2.00 3 9 18 36 
130 -24.63 -68.7 41.88 8.00 2.00 3 9 18 36 
131 44.66 20.47 93.34 7.00 2.00 3 9 18 36 
132 45.45 -21.07 54.75 8.00 2.00 3 9 18 36 
133 -37.37 -12.1 118.92 9.00 2.00 3 9 18 36 
134 42.0 0.15 33.62 2.00 2.00 3 9 18 36 
135 -42.82 -30.17 395.83 24.00 2.00 3 9 18 36 
136 34.91 -4.58 89.78 7.00 2.00 3 9 18 36 
137 -65.14 -43.08 243.56 23.00 2.00 3 9 18 36 
138 20.27 -5.0 216.29 21.00 2.00 3 9 18 36 
139 -36.73 -8.93 218.60 12.00 2.00 3 9 18 36 
140 -26.98 -19.57 363.69 23.00 2.00 3 9 18 36 
141 -31.3 -83.81 68.85 18.00 2.00 3 9 18 36 
142 -26.79 12.51 66.65 5.00 2.00 3 9 18 36 
143 -39.36 -58.52 175.20 15.00 2.00 3 9 18 36 
144 -34.37 0.61 182.99 11.00 2.00 3 9 18 36 
145 43.37 4.19 86.56 8.00 2.00 3 9 18 36 
146 -38.23 -9.45 28.20 2.00 2.00 3 9 18 36 
147 -25.61 -99.24 15.04 6.00 2.00 3 9 18 36 
148 48.06 29.52 345.85 23.00 2.00 3 9 18 36 
149 -43.63 -32.32 131.80 9.00 2.00 3 9 18 36 
150 -16.6 -29.33 8.53 1.00 2.00 3 9 18 36 
151 -29.81 -12.41 157.39 12.00 2.00 3 9 18 36 
152 -51.91 -28.71 241.31 17.00 2.00 3 9 18 36 
153 -1.8 -18.67 20.22 2.00 2.00 3 9 18 36 
154 18.74 21.4 74.07 5.00 2.00 3 9 18 36 
155 60.12 7.79 14.98 1.00 2.00 3 9 18 36 
156 43.08 42.02 204.02 20.00 2.00 3 9 18 36 
157 -39.44 -5.9 196.16 19.00 2.00 3 9 18 36 
158 -35.89 -16.03 153.66 13.00 2.00 3 9 18 36 
159 -41.83 39.0 34.14 10.00 2.00 3 9 18 36 
160 84.5 29.82 36.09 9.00 2.00 3 9 18 36 
161 -17.56 -10.48 267.52 14.00 2.00 3 9 18 36 
162 -48.38 -48.92 40.46 4.00 2.00 3 9 18 36 
163 -49.34 -17.97 208.29 20.00 1.00 6 1 2 4 8 16 32 
164 16.1 -2.49 167.76 17.00 1.00 6 1 2 4 8 16 32 
165 65.53 14.03 184.94 19.00 1.00 6 1 2 4 8 16 32 
166 -2.93 13.22 230.54 19.00 1.00 6 1 2 4 8 16 32 
167 -18.77 -23.66 234.13 16.00 1.00 6 1 2 4 8 16 32 
168 -91.1 -80.74 3.81 4.00 1.00 6 1 2 4 8 16 32 
169 -21.09 -13.29 15.18 1.00 1.00 6 1 2 4 8 16 32 
170 46.99 17.22 272.80 21.00 1.00 6 1 2 4 8 16 32 
171 -61.96 -33.04 75.42 9.00 1.00 6 1 2 4 8 16 32 
172 -9.0 -25.45 29.06 2.00 1.00 6 1 2 4 8 16 32 
173 33.66 -7.67 331.56 24.00 1.00 6 1 2 4 8 16 32 
174 -25.59 -10.84 16.21 1.00 1.00 6 1 2 4 8 16 32 
175 36.56 -2.44 242.48 21.00 1.00 6 1 2 4 8 16 32 
176 7.14 24.82 119.13 13.00 1.00 6 1 2 4 8 16 32 
177 -43.17 -30.49 167.08 15.00 1.00 6 1 2 4 8 16 32 
178 -21.23 0.75 36.89 4.00 1.00 6 1 2 4 8 16 32 
179 19.7 10.77 133.05 10.00 1.00 6 1 2 4 8 16 32 
180 -6.49 -29.43 178.94 19.00 1.00 6 1 2 4 8 16 32 
181 54.39 8.63 15.50 1.00 1.00 6 1 2 4 8 16 32 
182 64.2 77.61 47.52 25.00 1.00 6 1 2 4 8 16 32 
183 40.38 1.61 31.86 3.00 1.00 6 1 2 4 8 16 32 
184 -41.71 -5.13 275.51 21.00 1.00 6 1 2 4 8 16 32 
185 74.27 -19.92 22.22 7.00 1.00 6 1 2 4 8 16 32 
186 -74.0 -54.63 119.69 18.00 1.00 6 1 2 4 8 16 32 
187 29.71 15.45 45.84 3.00 1.00 6 1 2 4 8 16 32 
188 23.79 12.18 11.44 1.00 1.00 6 1 2 4 8 16 32 
189 42.58 45.33 13.11 2.00 1.00 6 1 2 4 8 16 32 
190 -16.73 -16.56 118.40 8.00 1.00 6 1 2 4 8 16 32 
191 -14.7 -0.12 144.10 10.00 1.00 6 1 2 4 8 16 32 
192 -19.77 8.39 204.59 19.00 1.00 6 1 2 4 8 16 32 
193 -30.27 14.89 132.83 17.00 1.00 6 1 2 4 8 16 32 
194 -63.12 -67.46 83.76 19.00 1.00 6 1 2 4 8 16 32 
195 86.03 38.92 80.49 24.00 1.00 6 1 2 4 8 16 32 
196 79.48 -24.87 59.09 24.00 1.00 6 1 2 4 8 16 32 
197 35.14 14.73 112.26 6.00 1.00 6 1 2 4 8 16 32 
198 -49.37 -9.05 33.41 2.00 1.00 6 1 2 4 8 16 32 
199 -49.48 -17.58 94.95 7.00 1.00 6 1 2 4 8 16 32 
200 57.5 16.33 85.55 10.00 1.00 6 1 2 4 8 16 32 
201 54.89 12.02 179.19 13.00 1.00 6 1 2 4 8 16 32 
202 -53.03 -33.18 250.35 20.00 1.00 6 1 2 4 8 16 32 
203 -0.42 16.64 7.45 1.00 1.00 6 1 2 4 8 16 32 
204 21.59 16.14 252.51 17.00 1.00 6 1 2 4 8 16 32 
205 -46.92 -49.26 220.39 17.00 1.00 6 1 2 4 8 16 32 
206 18.46 19.73 262.92 16.00 1.00 6 1 2 4 8 16 32 
207 35.82 19.76 126.28 9.00 1.00 6 1 2 4 8 16 32 
208 71.87 29.03 166.59 25.00 1.00 6 1 2 4 8 16 32 
209 -56.38 -42.76 11.07 1.00 1.00 6 1 2 4 8 16 32 
210 -25.8 25.16 206.85 23.00 1.00 6 1 2 4 8 16 32 
211 -5.68 33.85 94.29 10.00 1.00 6 1 2 4 8 16 32 
212 54.04 -5.29 181.08 15.00 1.00 6 1 2 4 8 16 32 
213 -63.07 27.38 79.95 25.00 1.00 6 1 2 4 8 16 32 
214 -16.86 -49.77 321.30 25.00 1.00 6 1 2 4 8 16 32 
215 47.92 13.63 227.61 16.00 1.00 6 1 2 4 8 16 32 
