1 4 40 4
0 20
0 20
0 20
0 20
51 0
51 0
51 0
51 0
  0 0.0 0.0 0.00 0.00 0.00 0 
  1 10.0 0.0 50.96 5.00 4.00 1 15 
  2 0.0 10.0 70.78 5.00 4.00 1 15 
  3 -10.0 0.0 59.81 5.00 4.00 1 15 
  4 -0.0 -10.0 46.89 5.00 4.00 1 15 
  5 50.0 0.0 24.39 5.00 4.00 1 15 
  6 0.0 50.0 21.61 5.00 4.00 1 15 
  7 -50.0 0.0 16.18 5.00 4.00 1 15 
  8 -0.0 -50.0 22.73 5.00 4.00 1 15 
  9 19.32 5.18 21.51 2.00 2.00 2 5 10 
 10 5.18 19.32 21.94 2.00 2.00 2 5 10 
 11 -5.18 19.32 22.19 2.00 2.00 2 5 10 
 12 -19.32 5.18 35.02 2.00 2.00 2 5 10 
 13 -19.32 -5.18 25.53 2.00 2.00 2 5 10 
 14 -5.18 -19.32 27.44 2.00 2.00 2 5 10 
 15 5.18 -19.32 39.60 2.00 2.00 2 5 10 
 16 19.32 -5.18 22.36 2.00 2.00 2 5 10 
 17 38.64 10.35 13.13 2.00 2.00 2 5 10 
 18 10.35 38.64 19.45 2.00 2.00 2 5 10 
 19 -10.35 38.64 20.47 2.00 2.00 2 5 10 
 20 -38.64 10.35 12.79 2.00 2.00 2 5 10 
 21 -38.64 -10.35 13.68 2.00 2.00 2 5 10 
 22 -10.35 -38.64 11.08 2.00 2.00 2 5 10 
 23 10.35 -38.64 14.22 2.00 2.00 2 5 10 
 24 38.64 -10.35 11.67 2.00 2.00 2 5 10 
 25 29.74 3.92 8.81 1.00 1.00 4 1 2 4 8 
 26 27.72 11.48 8.89 1.00 1.00 4 1 2 4 8 
 27 11.48 27.72 6.77 1.00 1.00 4 1 2 4 8 
 28 3.92 29.74 13.77 1.00 1.00 4 1 2 4 8 
 29 -3.92 29.74 9.72 1.00 1.00 4 1 2 4 8 
 30 -11.48 27.72 5.59 1.00 1.00 4 1 2 4 8 
 31 -27.72 11.48 9.97 1.00 1.00 4 1 2 4 8 
 32 -29.74 3.92 8.27 1.00 1.00 4 1 2 4 8 
 33 -29.74 -3.92 10.91 1.00 1.00 4 1 2 4 8 
 34 -27.72 -11.48 7.62 1.00 1.00 4 1 2 4 8 
 35 -11.48 -27.72 9.87 1.00 1.00 4 1 2 4 8 
 36 -3.92 -29.74 10.56 1.00 1.00 4 1 2 4 8 
 37 3.92 -29.74 8.91 1.00 1.00 4 1 2 4 8 
 38 11.48 -27.72 7.59 1.00 1.00 4 1 2 4 8 
 39 27.72 -11.48 5.87 1.00 1.00 4 1 2 4 8 
