1 1 75 10
0 140
0 140
0 140
0 140
0 140
0 140
0 140
0 140
0 140
0 140
439 0
439 0
439 0
439 0
439 0
439 0
439 0
439 0
439 0
439 0
  0 40.0 40.0 0.00 0.00 0.00 0 
  1 22.0 22.0 58.54 18.00 1.00 10 1 2 4 8 16 32 64 128 256 512 
  2 36.0 26.0 102.05 26.00 1.00 10 1 2 4 8 16 32 64 128 256 512 
  3 21.0 45.0 32.59 11.00 1.00 10 1 2 4 8 16 32 64 128 256 512 
  4 45.0 35.0 127.25 30.00 1.00 10 1 2 4 8 16 32 64 128 256 512 
  5 55.0 20.0 42.36 21.00 1.00 10 1 2 4 8 16 32 64 128 256 512 
  6 33.0 34.0 66.31 19.00 1.00 10 1 2 4 8 16 32 64 128 256 512 
  7 50.0 50.0 33.87 15.00 1.00 10 1 2 4 8 16 32 64 128 256 512 
  8 55.0 45.0 46.80 16.00 1.00 10 1 2 4 8 16 32 64 128 256 512 
  9 26.0 59.0 69.31 29.00 1.00 10 1 2 4 8 16 32 64 128 256 512 
 10 40.0 66.0 53.49 26.00 1.00 10 1 2 4 8 16 32 64 128 256 512 
 11 55.0 65.0 72.08 37.00 1.00 10 1 2 4 8 16 32 64 128 256 512 
 12 35.0 51.0 36.29 16.00 1.00 10 1 2 4 8 16 32 64 128 256 512 
 13 62.0 35.0 28.26 12.00 1.00 10 1 2 4 8 16 32 64 128 256 512 
 14 62.0 57.0 60.53 31.00 1.00 10 1 2 4 8 16 32 64 128 256 512 
 15 62.0 24.0 17.58 8.00 1.00 10 1 2 4 8 16 32 64 128 256 512 
 16 21.0 36.0 38.22 19.00 1.00 10 1 2 4 8 16 32 64 128 256 512 
 17 33.0 44.0 55.11 20.00 1.00 10 1 2 4 8 16 32 64 128 256 512 
 18 9.0 56.0 22.03 13.00 1.00 10 1 2 4 8 16 32 64 128 256 512 
 19 62.0 48.0 27.71 15.00 1.00 10 1 2 4 8 16 32 64 128 256 512 
 20 66.0 14.0 43.14 22.00 1.00 10 1 2 4 8 16 32 64 128 256 512 
 21 44.0 13.0 74.65 28.00 1.00 10 1 2 4 8 16 32 64 128 256 512 
 22 26.0 13.0 33.16 12.00 1.00 10 1 2 4 8 16 32 64 128 256 512 
 23 11.0 28.0 10.68 6.00 1.00 10 1 2 4 8 16 32 64 128 256 512 
 24 7.0 43.0 43.76 27.00 1.00 10 1 2 4 8 16 32 64 128 256 512 
 25 17.0 64.0 15.46 14.00 1.00 10 1 2 4 8 16 32 64 128 256 512 
 26 41.0 46.0 41.63 18.00 1.00 10 1 2 4 8 16 32 64 128 256 512 
 27 55.0 34.0 40.27 17.00 1.00 10 1 2 4 8 16 32 64 128 256 512 
 28 35.0 16.0 47.08 29.00 1.00 10 1 2 4 8 16 32 64 128 256 512 
 29 52.0 26.0 45.70 13.00 1.00 10 1 2 4 8 16 32 64 128 256 512 
 30 43.0 26.0 77.68 22.00 1.00 10 1 2 4 8 16 32 64 128 256 512 
 31 31.0 76.0 22.05 25.00 1.00 10 1 2 4 8 16 32 64 128 256 512 
 32 22.0 53.0 65.24 28.00 1.00 10 1 2 4 8 16 32 64 128 256 512 
 33 26.0 29.0 49.85 27.00 1.00 10 1 2 4 8 16 32 64 128 256 512 
 34 50.0 40.0 67.13 19.00 1.00 10 1 2 4 8 16 32 64 128 256 512 
 35 55.0 50.0 26.48 10.00 1.00 10 1 2 4 8 16 32 64 128 256 512 
 36 54.0 10.0 17.83 12.00 1.00 10 1 2 4 8 16 32 64 128 256 512 
 37 60.0 15.0 39.61 14.00 1.00 10 1 2 4 8 16 32 64 128 256 512 
 38 47.0 66.0 24.96 24.00 1.00 10 1 2 4 8 16 32 64 128 256 512 
 39 30.0 60.0 42.86 16.00 1.00 10 1 2 4 8 16 32 64 128 256 512 
 40 30.0 50.0 61.83 33.00 1.00 10 1 2 4 8 16 32 64 128 256 512 
 41 12.0 17.0 28.92 15.00 1.00 10 1 2 4 8 16 32 64 128 256 512 
 42 15.0 14.0 17.94 11.00 1.00 10 1 2 4 8 16 32 64 128 256 512 
 43 16.0 19.0 44.39 18.00 1.00 10 1 2 4 8 16 32 64 128 256 512 
 44 21.0 48.0 50.07 17.00 1.00 10 1 2 4 8 16 32 64 128 256 512 
 45 50.0 30.0 73.41 21.00 1.00 10 1 2 4 8 16 32 64 128 256 512 
 46 51.0 42.0 72.22 27.00 1.00 10 1 2 4 8 16 32 64 128 256 512 
 47 50.0 15.0 63.16 19.00 1.00 10 1 2 4 8 16 32 64 128 256 512 
 48 48.0 21.0 44.21 20.00 1.00 10 1 2 4 8 16 32 64 128 256 512 
 49 12.0 38.0 5.81 5.00 1.00 10 1 2 4 8 16 32 64 128 256 512 
 50 15.0 56.0 38.25 22.00 1.00 10 1 2 4 8 16 32 64 128 256 512 
 51 29.0 39.0 37.63 12.00 1.00 10 1 2 4 8 16 32 64 128 256 512 
 52 54.0 38.0 53.60 19.00 1.00 10 1 2 4 8 16 32 64 128 256 512 
 53 55.0 57.0 46.56 22.00 1.00 10 1 2 4 8 16 32 64 128 256 512 
 54 67.0 41.0 21.76 16.00 1.00 10 1 2 4 8 16 32 64 128 256 512 
 55 10.0 70.0 6.11 7.00 1.00 10 1 2 4 8 16 32 64 128 256 512 
 56 6.0 25.0 35.89 26.00 1.00 10 1 2 4 8 16 32 64 128 256 512 
 57 65.0 27.0 32.93 14.00 1.00 10 1 2 4 8 16 32 64 128 256 512 
 58 40.0 60.0 31.68 21.00 1.00 10 1 2 4 8 16 32 64 128 256 512 
 59 70.0 64.0 13.78 24.00 1.00 10 1 2 4 8 16 32 64 128 256 512 
 60 64.0 4.0 14.35 13.00 1.00 10 1 2 4 8 16 32 64 128 256 512 
 61 36.0 6.0 20.73 15.00 1.00 10 1 2 4 8 16 32 64 128 256 512 
 62 30.0 20.0 43.64 18.00 1.00 10 1 2 4 8 16 32 64 128 256 512 
 63 20.0 30.0 22.68 11.00 1.00 10 1 2 4 8 16 32 64 128 256 512 
 64 15.0 5.0 26.08 28.00 1.00 10 1 2 4 8 16 32 64 128 256 512 
 65 50.0 70.0 12.35 9.00 1.00 10 1 2 4 8 16 32 64 128 256 512 
 66 57.0 72.0 33.47 37.00 1.00 10 1 2 4 8 16 32 64 128 256 512 
 67 45.0 42.0 94.48 30.00 1.00 10 1 2 4 8 16 32 64 128 256 512 
 68 38.0 33.0 37.84 10.00 1.00 10 1 2 4 8 16 32 64 128 256 512 
 69 50.0 4.0 11.51 8.00 1.00 10 1 2 4 8 16 32 64 128 256 512 
 70 66.0 8.0 12.94 11.00 1.00 10 1 2 4 8 16 32 64 128 256 512 
 71 59.0 5.0 4.32 3.00 1.00 10 1 2 4 8 16 32 64 128 256 512 
 72 35.0 60.0 2.37 1.00 1.00 10 1 2 4 8 16 32 64 128 256 512 
 73 27.0 24.0 16.77 6.00 1.00 10 1 2 4 8 16 32 64 128 256 512 
 74 40.0 20.0 29.32 10.00 1.00 10 1 2 4 8 16 32 64 128 256 512 
