1 1 50 5
0 160
0 160
0 160
0 160
0 160
381 0
381 0
381 0
381 0
381 0
  0 30.0 40.0 0.00 0.00 0.00 0 
  1 37.0 52.0 14.19 7.00 1.00 5 1 2 4 8 16 
  2 49.0 49.0 54.24 30.00 1.00 5 1 2 4 8 16 
  3 52.0 64.0 25.33 16.00 1.00 5 1 2 4 8 16 
  4 20.0 26.0 19.03 9.00 1.00 5 1 2 4 8 16 
  5 40.0 30.0 50.23 21.00 1.00 5 1 2 4 8 16 
  6 21.0 47.0 30.24 15.00 1.00 5 1 2 4 8 16 
  7 17.0 63.0 26.56 19.00 1.00 5 1 2 4 8 16 
  8 31.0 62.0 34.42 23.00 1.00 5 1 2 4 8 16 
  9 52.0 33.0 23.92 11.00 1.00 5 1 2 4 8 16 
 10 51.0 21.0 10.25 5.00 1.00 5 1 2 4 8 16 
 11 42.0 41.0 46.50 19.00 1.00 5 1 2 4 8 16 
 12 31.0 32.0 67.78 29.00 1.00 5 1 2 4 8 16 
 13 5.0 25.0 29.18 23.00 1.00 5 1 2 4 8 16 
 14 12.0 42.0 26.46 21.00 1.00 5 1 2 4 8 16 
 15 36.0 16.0 16.77 10.00 1.00 5 1 2 4 8 16 
 16 52.0 41.0 34.00 15.00 1.00 5 1 2 4 8 16 
 17 27.0 23.0 7.34 3.00 1.00 5 1 2 4 8 16 
 18 17.0 33.0 96.17 41.00 1.00 5 1 2 4 8 16 
 19 13.0 13.0 13.10 9.00 1.00 5 1 2 4 8 16 
 20 57.0 58.0 34.43 28.00 1.00 5 1 2 4 8 16 
 21 62.0 42.0 13.62 8.00 1.00 5 1 2 4 8 16 
 22 42.0 57.0 15.58 8.00 1.00 5 1 2 4 8 16 
 23 16.0 57.0 25.19 16.00 1.00 5 1 2 4 8 16 
 24 8.0 52.0 10.77 10.00 1.00 5 1 2 4 8 16 
 25 7.0 38.0 26.12 28.00 1.00 5 1 2 4 8 16 
 26 27.0 68.0 9.07 7.00 1.00 5 1 2 4 8 16 
 27 30.0 48.0 28.95 15.00 1.00 5 1 2 4 8 16 
 28 43.0 67.0 12.54 14.00 1.00 5 1 2 4 8 16 
 29 58.0 48.0 6.76 6.00 1.00 5 1 2 4 8 16 
 30 58.0 27.0 24.70 19.00 1.00 5 1 2 4 8 16 
 31 37.0 69.0 13.22 11.00 1.00 5 1 2 4 8 16 
 32 38.0 46.0 30.67 12.00 1.00 5 1 2 4 8 16 
 33 46.0 10.0 29.15 23.00 1.00 5 1 2 4 8 16 
 34 61.0 33.0 54.18 26.00 1.00 5 1 2 4 8 16 
 35 62.0 63.0 16.21 17.00 1.00 5 1 2 4 8 16 
 36 63.0 69.0 5.68 6.00 1.00 5 1 2 4 8 16 
 37 32.0 22.0 11.23 9.00 1.00 5 1 2 4 8 16 
 38 45.0 35.0 33.54 15.00 1.00 5 1 2 4 8 16 
 39 59.0 15.0 13.12 14.00 1.00 5 1 2 4 8 16 
 40 5.0 6.0 4.23 7.00 1.00 5 1 2 4 8 16 
 41 10.0 17.0 28.09 27.00 1.00 5 1 2 4 8 16 
 42 21.0 10.0 11.54 13.00 1.00 5 1 2 4 8 16 
 43 5.0 64.0 10.08 11.00 1.00 5 1 2 4 8 16 
 44 30.0 15.0 16.52 16.00 1.00 5 1 2 4 8 16 
 45 39.0 10.0 7.85 10.00 1.00 5 1 2 4 8 16 
 46 32.0 39.0 13.94 5.00 1.00 5 1 2 4 8 16 
 47 25.0 32.0 33.05 25.00 1.00 5 1 2 4 8 16 
 48 25.0 55.0 33.89 17.00 1.00 5 1 2 4 8 16 
 49 48.0 28.0 40.60 18.00 1.00 5 1 2 4 8 16 
