1 6 102 6
0 20
0 20
0 20
0 20
0 20
0 20
166 0
166 0
166 0
166 0
166 0
166 0
  0 0.0 0.0 0.00 0.00 0.00 0 
  1 57.74 0.0 316.65 5.00 6.00 1 63 
  2 28.87 50.0 324.39 5.00 6.00 1 63 
  3 -28.87 50.0 299.17 5.00 6.00 1 63 
  4 -57.74 0.0 362.36 5.00 6.00 1 63 
  5 -28.87 -50.0 323.40 5.00 6.00 1 63 
  6 28.87 -50.0 237.56 5.00 6.00 1 63 
  7 288.68 0.0 43.64 5.00 6.00 1 63 
  8 144.34 250.0 28.77 5.00 6.00 1 63 
  9 -144.34 250.0 45.21 5.00 6.00 1 63 
 10 -288.68 0.0 42.86 5.00 6.00 1 63 
 11 -144.34 -250.0 33.90 5.00 6.00 1 63 
 12 144.34 -250.0 47.33 5.00 6.00 1 63 
 13 86.6 50.0 170.94 3.00 2.00 3 9 18 36 
 14 0.0 100.0 186.12 3.00 2.00 3 9 18 36 
 15 -86.6 50.0 129.97 3.00 2.00 3 9 18 36 
 16 -86.6 -50.0 114.55 3.00 2.00 3 9 18 36 
 17 -0.0 -100.0 166.46 3.00 2.00 3 9 18 36 
 18 86.6 -50.0 102.06 3.00 2.00 3 9 18 36 
 19 0.0 40.0 186.36 3.00 2.00 3 9 18 36 
 20 -34.64 -20.0 158.11 3.00 2.00 3 9 18 36 
 21 34.64 -20.0 162.26 3.00 2.00 3 9 18 36 
 22 433.01 250.0 21.81 3.00 2.00 3 9 18 36 
 23 0.0 500.0 22.30 3.00 2.00 3 9 18 36 
 24 -433.01 250.0 17.03 3.00 2.00 3 9 18 36 
 25 -433.01 -250.0 22.00 3.00 2.00 3 9 18 36 
 26 -0.0 -500.0 14.27 3.00 2.00 3 9 18 36 
 27 433.01 -250.0 21.29 3.00 2.00 3 9 18 36 
 28 0.0 200.0 31.90 3.00 2.00 3 9 18 36 
 29 -173.21 -100.0 24.25 3.00 2.00 3 9 18 36 
 30 173.21 -100.0 34.81 3.00 2.00 3 9 18 36 
 31 67.17 27.89 143.87 2.00 1.00 6 1 2 4 8 16 32 
 32 77.17 22.11 113.66 2.00 1.00 6 1 2 4 8 16 32 
 33 57.74 55.77 138.05 2.00 1.00 6 1 2 4 8 16 32 
 34 57.74 44.23 119.42 2.00 1.00 6 1 2 4 8 16 32 
 35 19.43 77.89 135.93 2.00 1.00 6 1 2 4 8 16 32 
 36 9.43 72.11 130.09 2.00 1.00 6 1 2 4 8 16 32 
 37 -19.43 77.89 126.59 2.00 1.00 6 1 2 4 8 16 32 
 38 -9.43 72.11 135.90 2.00 1.00 6 1 2 4 8 16 32 
 39 -57.74 55.77 74.17 2.00 1.00 6 1 2 4 8 16 32 
 40 -57.74 44.23 133.08 2.00 1.00 6 1 2 4 8 16 32 
 41 -67.17 27.89 80.69 2.00 1.00 6 1 2 4 8 16 32 
 42 -77.17 22.11 108.88 2.00 1.00 6 1 2 4 8 16 32 
 43 -77.17 -22.11 98.94 2.00 1.00 6 1 2 4 8 16 32 
 44 -67.17 -27.89 122.95 2.00 1.00 6 1 2 4 8 16 32 
 45 -57.74 -44.23 124.40 2.00 1.00 6 1 2 4 8 16 32 
 46 -57.74 -55.77 130.63 2.00 1.00 6 1 2 4 8 16 32 
 47 -9.43 -72.11 93.87 2.00 1.00 6 1 2 4 8 16 32 
 48 -19.43 -77.89 146.34 2.00 1.00 6 1 2 4 8 16 32 
 49 9.43 -72.11 94.97 2.00 1.00 6 1 2 4 8 16 32 
 50 19.43 -77.89 124.65 2.00 1.00 6 1 2 4 8 16 32 
 51 57.74 -44.23 136.31 2.00 1.00 6 1 2 4 8 16 32 
 52 57.74 -55.77 118.53 2.00 1.00 6 1 2 4 8 16 32 
 53 77.17 -22.11 148.59 2.00 1.00 6 1 2 4 8 16 32 
 54 67.17 -27.89 100.72 2.00 1.00 6 1 2 4 8 16 32 
 55 13.43 47.89 133.02 2.00 1.00 6 1 2 4 8 16 32 
 56 15.43 42.11 132.48 2.00 1.00 6 1 2 4 8 16 32 
 57 -13.43 47.89 111.48 2.00 1.00 6 1 2 4 8 16 32 
 58 -15.43 42.11 93.45 2.00 1.00 6 1 2 4 8 16 32 
 59 -44.19 -7.69 143.62 2.00 1.00 6 1 2 4 8 16 32 
 60 -48.19 -12.31 84.52 2.00 1.00 6 1 2 4 8 16 32 
 61 -28.75 -34.42 99.87 2.00 1.00 6 1 2 4 8 16 32 
 62 -34.75 -35.58 83.04 2.00 1.00 6 1 2 4 8 16 32 
 63 28.75 -34.42 153.10 2.00 1.00 6 1 2 4 8 16 32 
 64 34.75 -35.58 135.96 2.00 1.00 6 1 2 4 8 16 32 
 65 44.19 -7.69 145.78 2.00 1.00 6 1 2 4 8 16 32 
 66 48.19 -12.31 147.95 2.00 1.00 6 1 2 4 8 16 32 
 67 335.84 139.43 14.15 2.00 1.00 6 1 2 4 8 16 32 
 68 385.84 110.57 11.64 2.00 1.00 6 1 2 4 8 16 32 
 69 288.68 278.87 8.88 2.00 1.00 6 1 2 4 8 16 32 
 70 288.68 221.13 9.66 2.00 1.00 6 1 2 4 8 16 32 
 71 97.17 389.43 9.55 2.00 1.00 6 1 2 4 8 16 32 
 72 47.17 360.57 20.34 2.00 1.00 6 1 2 4 8 16 32 
 73 -97.17 389.43 14.87 2.00 1.00 6 1 2 4 8 16 32 
 74 -47.17 360.57 19.21 2.00 1.00 6 1 2 4 8 16 32 
 75 -288.68 278.87 14.38 2.00 1.00 6 1 2 4 8 16 32 
 76 -288.68 221.13 12.95 2.00 1.00 6 1 2 4 8 16 32 
 77 -335.84 139.43 15.81 2.00 1.00 6 1 2 4 8 16 32 
 78 -385.84 110.57 10.02 2.00 1.00 6 1 2 4 8 16 32 
 79 -385.84 -110.57 11.72 2.00 1.00 6 1 2 4 8 16 32 
 80 -335.84 -139.43 19.58 2.00 1.00 6 1 2 4 8 16 32 
 81 -288.68 -221.13 18.74 2.00 1.00 6 1 2 4 8 16 32 
 82 -288.68 -278.87 14.24 2.00 1.00 6 1 2 4 8 16 32 
 83 -47.17 -360.57 13.44 2.00 1.00 6 1 2 4 8 16 32 
 84 -97.17 -389.43 8.04 2.00 1.00 6 1 2 4 8 16 32 
 85 47.17 -360.57 17.91 2.00 1.00 6 1 2 4 8 16 32 
 86 97.17 -389.43 13.68 2.00 1.00 6 1 2 4 8 16 32 
 87 288.68 -221.13 19.77 2.00 1.00 6 1 2 4 8 16 32 
 88 288.68 -278.87 13.35 2.00 1.00 6 1 2 4 8 16 32 
 89 385.84 -110.57 8.90 2.00 1.00 6 1 2 4 8 16 32 
 90 335.84 -139.43 16.61 2.00 1.00 6 1 2 4 8 16 32 
 91 67.17 239.43 11.85 2.00 1.00 6 1 2 4 8 16 32 
 92 77.17 210.57 19.98 2.00 1.00 6 1 2 4 8 16 32 
 93 -67.17 239.43 15.94 2.00 1.00 6 1 2 4 8 16 32 
 94 -77.17 210.57 11.48 2.00 1.00 6 1 2 4 8 16 32 
 95 -220.94 -38.45 12.67 2.00 1.00 6 1 2 4 8 16 32 
 96 -240.94 -61.55 21.36 2.00 1.00 6 1 2 4 8 16 32 
 97 -143.77 -172.11 21.30 2.00 1.00 6 1 2 4 8 16 32 
 98 -173.77 -177.89 17.14 2.00 1.00 6 1 2 4 8 16 32 
 99 143.77 -172.11 14.34 2.00 1.00 6 1 2 4 8 16 32 
100 173.77 -177.89 13.70 2.00 1.00 6 1 2 4 8 16 32 
101 220.94 -38.45 13.55 2.00 1.00 6 1 2 4 8 16 32 
