1 3 72 6
500 200
500 200
500 200
500 200
500 200
500 200
291 0
291 0
291 0
291 0
291 0
291 0
  0 10.63 9.33 0.00 0.00 0.00 0 
  1 -92.7 -59.18 11.21 20.00 6.00 1 63 
  2 71.18 12.54 10.73 6.00 6.00 1 63 
  3 31.54 66.64 57.97 19.00 6.00 1 63 
  4 -4.69 25.54 40.57 10.00 6.00 1 63 
  5 -30.19 67.77 14.52 18.00 6.00 1 63 
  6 12.68 -57.47 0.51 1.00 6.00 1 63 
  7 -32.36 -20.97 37.93 15.00 6.00 1 63 
  8 19.91 48.98 119.16 23.00 6.00 1 63 
  9 13.2 -19.14 42.75 13.00 6.00 1 63 
 10 54.88 -41.17 24.78 12.00 6.00 1 63 
 11 15.06 -25.17 20.54 7.00 6.00 1 63 
 12 -50.6 -16.42 100.41 25.00 6.00 1 63 
 13 -29.73 17.08 11.40 5.00 6.00 1 63 
 14 17.54 1.58 4.66 1.00 6.00 1 63 
 15 11.13 77.22 63.88 25.00 6.00 1 63 
 16 33.75 71.26 20.97 10.00 6.00 1 63 
 17 -56.01 -10.39 6.04 2.00 6.00 1 63 
 18 57.87 -16.29 24.29 7.00 6.00 1 63 
 19 10.72 -18.79 41.17 11.00 3.00 2 21 42 
 20 53.09 -18.75 13.62 4.00 3.00 2 21 42 
 21 1.57 7.53 28.14 6.00 3.00 2 21 42 
 22 31.53 48.94 35.92 15.00 3.00 2 21 42 
 23 -66.83 -37.85 16.56 7.00 3.00 2 21 42 
 24 -70.74 62.24 5.83 8.00 3.00 2 21 42 
 25 32.54 23.1 35.80 10.00 3.00 2 21 42 
 26 -51.45 -36.44 26.09 9.00 3.00 2 21 42 
 27 36.46 -22.64 15.36 4.00 3.00 2 21 42 
 28 -31.21 43.49 14.60 6.00 3.00 2 21 42 
 29 -10.39 34.49 53.63 22.00 3.00 2 21 42 
 30 14.72 -10.83 70.74 17.00 3.00 2 21 42 
 31 47.1 -21.39 26.63 9.00 3.00 2 21 42 
 32 43.78 34.77 97.72 25.00 3.00 2 21 42 
 33 53.55 -67.49 9.27 10.00 3.00 2 21 42 
 34 26.8 46.52 46.77 18.00 3.00 2 21 42 
 35 63.39 11.98 38.26 21.00 3.00 2 21 42 
 36 47.19 -5.48 38.27 10.00 3.00 2 21 42 
 37 -16.32 -11.27 135.71 23.00 2.00 3 9 18 36 
 38 78.9 17.65 21.98 23.00 2.00 3 9 18 36 
 39 79.82 22.27 14.23 11.00 2.00 3 9 18 36 
 40 12.88 16.92 4.36 1.00 2.00 3 9 18 36 
 41 -67.98 -3.75 70.07 23.00 2.00 3 9 18 36 
 42 9.2 -18.6 51.86 16.00 2.00 3 9 18 36 
 43 -35.95 -19.14 31.83 10.00 2.00 3 9 18 36 
 44 28.77 45.28 50.82 12.00 2.00 3 9 18 36 
 45 11.47 68.23 32.11 12.00 2.00 3 9 18 36 
 46 -22.76 45.5 5.73 3.00 2.00 3 9 18 36 
 47 -65.67 -23.12 66.62 22.00 2.00 3 9 18 36 
 48 7.24 1.6 102.43 21.00 2.00 3 9 18 36 
 49 -29.79 -11.29 27.49 13.00 2.00 3 9 18 36 
 50 -89.05 16.21 6.52 15.00 2.00 3 9 18 36 
 51 -46.89 -3.36 52.01 13.00 2.00 3 9 18 36 
 52 -14.97 30.62 55.02 20.00 2.00 3 9 18 36 
 53 -17.04 49.77 15.32 10.00 2.00 3 9 18 36 
 54 31.64 53.62 57.48 25.00 2.00 3 9 18 36 
 55 -3.58 13.34 20.52 7.00 1.00 6 1 2 4 8 16 32 
 56 33.01 58.96 54.46 15.00 1.00 6 1 2 4 8 16 32 
 57 -92.95 63.26 1.10 2.00 1.00 6 1 2 4 8 16 32 
 58 -9.14 -22.93 99.13 23.00 1.00 6 1 2 4 8 16 32 
 59 -39.96 6.2 10.84 5.00 1.00 6 1 2 4 8 16 32 
 60 28.43 -19.21 136.12 25.00 1.00 6 1 2 4 8 16 32 
 61 -28.54 -3.49 25.09 9.00 1.00 6 1 2 4 8 16 32 
 62 31.42 36.86 8.21 2.00 1.00 6 1 2 4 8 16 32 
 63 -49.43 60.6 26.55 24.00 1.00 6 1 2 4 8 16 32 
 64 -72.83 -27.77 19.94 13.00 1.00 6 1 2 4 8 16 32 
 65 60.08 -45.91 39.46 20.00 1.00 6 1 2 4 8 16 32 
 66 10.87 -3.9 70.16 13.00 1.00 6 1 2 4 8 16 32 
 67 25.12 7.67 60.97 15.00 1.00 6 1 2 4 8 16 32 
 68 -47.0 -17.47 16.57 4.00 1.00 6 1 2 4 8 16 32 
 69 16.06 33.02 75.59 20.00 1.00 6 1 2 4 8 16 32 
 70 25.41 -11.7 43.17 8.00 1.00 6 1 2 4 8 16 32 
 71 68.32 -5.15 31.80 19.00 1.00 6 1 2 4 8 16 32 
