1 6 75 5
0 140
0 140
0 140
0 140
0 140
222 0
222 0
222 0
222 0
222 0
  0 40.0 40.0 0.00 0.00 0.00 0 
  1 22.0 22.0 32.59 18.00 2.00 3 5 10 20 
  2 36.0 26.0 103.44 26.00 2.00 3 5 10 20 
  3 21.0 45.0 22.70 11.00 1.00 5 1 2 4 8 16 
  4 45.0 35.0 91.20 30.00 5.00 1 31 
  5 55.0 20.0 54.61 21.00 2.00 3 5 10 20 
  6 33.0 34.0 59.80 19.00 2.00 3 5 10 20 
  7 50.0 50.0 44.06 15.00 1.00 5 1 2 4 8 16 
  8 55.0 45.0 44.12 16.00 2.00 3 5 10 20 
  9 26.0 59.0 58.32 29.00 5.00 1 31 
 10 40.0 66.0 37.88 26.00 2.00 3 5 10 20 
 11 55.0 65.0 55.70 37.00 5.00 1 31 
 12 35.0 51.0 40.07 16.00 2.00 3 5 10 20 
 13 62.0 35.0 21.88 12.00 1.00 5 1 2 4 8 16 
 14 62.0 57.0 60.53 31.00 5.00 1 31 
 15 62.0 24.0 14.00 8.00 1.00 5 1 2 4 8 16 
 16 21.0 36.0 27.67 19.00 2.00 3 5 10 20 
 17 33.0 44.0 48.55 20.00 2.00 3 5 10 20 
 18 9.0 56.0 12.34 13.00 1.00 5 1 2 4 8 16 
 19 62.0 48.0 33.91 15.00 1.00 5 1 2 4 8 16 
 20 66.0 14.0 27.46 22.00 2.00 3 5 10 20 
 21 44.0 13.0 87.09 28.00 5.00 1 31 
 22 26.0 13.0 19.35 12.00 1.00 5 1 2 4 8 16 
 23 11.0 28.0 11.82 6.00 1.00 5 1 2 4 8 16 
 24 7.0 43.0 47.95 27.00 2.00 3 5 10 20 
 25 17.0 64.0 21.61 14.00 1.00 5 1 2 4 8 16 
 26 41.0 46.0 37.68 18.00 2.00 3 5 10 20 
 27 55.0 34.0 49.80 17.00 2.00 3 5 10 20 
 28 35.0 16.0 63.83 29.00 5.00 1 31 
 29 52.0 26.0 53.05 13.00 1.00 5 1 2 4 8 16 
 30 43.0 26.0 54.86 22.00 2.00 3 5 10 20 
 31 31.0 76.0 16.22 25.00 2.00 3 5 10 20 
 32 22.0 53.0 72.33 28.00 5.00 1 31 
 33 26.0 29.0 45.98 27.00 2.00 3 5 10 20 
 34 50.0 40.0 71.86 19.00 2.00 3 5 10 20 
 35 55.0 50.0 30.14 10.00 1.00 5 1 2 4 8 16 
 36 54.0 10.0 22.84 12.00 1.00 5 1 2 4 8 16 
 37 60.0 15.0 42.74 14.00 1.00 5 1 2 4 8 16 
 38 47.0 66.0 40.66 24.00 2.00 3 5 10 20 
 39 30.0 60.0 42.47 16.00 2.00 3 5 10 20 
 40 30.0 50.0 76.84 33.00 5.00 1 31 
 41 12.0 17.0 28.96 15.00 1.00 5 1 2 4 8 16 
 42 15.0 14.0 21.01 11.00 1.00 5 1 2 4 8 16 
 43 16.0 19.0 43.87 18.00 2.00 3 5 10 20 
 44 21.0 48.0 32.57 17.00 2.00 3 5 10 20 
 45 50.0 30.0 68.00 21.00 2.00 3 5 10 20 
 46 51.0 42.0 102.63 27.00 2.00 3 5 10 20 
 47 50.0 15.0 37.51 19.00 2.00 3 5 10 20 
 48 48.0 21.0 53.31 20.00 2.00 3 5 10 20 
 49 12.0 38.0 8.11 5.00 1.00 5 1 2 4 8 16 
 50 15.0 56.0 47.99 22.00 2.00 3 5 10 20 
 51 29.0 39.0 41.18 12.00 1.00 5 1 2 4 8 16 
 52 54.0 38.0 60.77 19.00 2.00 3 5 10 20 
 53 55.0 57.0 58.65 22.00 2.00 3 5 10 20 
 54 67.0 41.0 20.07 16.00 2.00 3 5 10 20 
 55 10.0 70.0 3.73 7.00 1.00 5 1 2 4 8 16 
 56 6.0 25.0 44.53 26.00 2.00 3 5 10 20 
 57 65.0 27.0 21.90 14.00 1.00 5 1 2 4 8 16 
 58 40.0 60.0 60.48 21.00 2.00 3 5 10 20 
 59 70.0 64.0 16.27 24.00 2.00 3 5 10 20 
 60 64.0 4.0 10.87 13.00 1.00 5 1 2 4 8 16 
 61 36.0 6.0 12.16 15.00 1.00 5 1 2 4 8 16 
 62 30.0 20.0 42.03 18.00 2.00 3 5 10 20 
 63 20.0 30.0 33.77 11.00 1.00 5 1 2 4 8 16 
 64 15.0 5.0 17.70 28.00 5.00 1 31 
 65 50.0 70.0 11.62 9.00 1.00 5 1 2 4 8 16 
 66 57.0 72.0 40.01 37.00 5.00 1 31 
 67 45.0 42.0 77.08 30.00 5.00 1 31 
 68 38.0 33.0 41.12 10.00 1.00 5 1 2 4 8 16 
 69 50.0 4.0 15.82 8.00 1.00 5 1 2 4 8 16 
 70 66.0 8.0 16.90 11.00 1.00 5 1 2 4 8 16 
 71 59.0 5.0 3.84 3.00 1.00 5 1 2 4 8 16 
 72 35.0 60.0 2.65 1.00 1.00 5 1 2 4 8 16 
 73 27.0 24.0 14.42 6.00 1.00 5 1 2 4 8 16 
 74 40.0 20.0 25.56 10.00 1.00 5 1 2 4 8 16 
