1 3 51 2
0 160
0 160
327 0
327 0
  0 30.0 40.0 0.00 0.00 0.00 0 
  1 37.0 52.0 15.20 7.00 1.00 2 1 2 
  2 49.0 49.0 86.29 30.00 1.00 2 1 2 
  3 52.0 64.0 21.78 16.00 1.00 2 1 2 
  4 20.0 26.0 15.17 9.00 1.00 2 1 2 
  5 40.0 30.0 44.63 21.00 1.00 2 1 2 
  6 21.0 47.0 32.48 15.00 1.00 2 1 2 
  7 17.0 63.0 23.25 19.00 1.00 2 1 2 
  8 31.0 62.0 38.56 23.00 1.00 2 1 2 
  9 52.0 33.0 27.74 11.00 1.00 2 1 2 
 10 51.0 21.0 11.18 5.00 1.00 2 1 2 
 11 42.0 41.0 52.70 19.00 1.00 2 1 2 
 12 31.0 32.0 76.85 29.00 1.00 2 1 2 
 13 5.0 25.0 27.56 23.00 1.00 2 1 2 
 14 12.0 42.0 19.68 21.00 1.00 2 1 2 
 15 36.0 16.0 18.41 10.00 1.00 2 1 2 
 16 52.0 41.0 31.23 15.00 1.00 2 1 2 
 17 27.0 23.0 7.09 3.00 1.00 2 1 2 
 18 17.0 33.0 106.37 41.00 1.00 2 1 2 
 19 13.0 13.0 9.14 9.00 1.00 2 1 2 
 20 57.0 58.0 41.16 28.00 1.00 2 1 2 
 21 62.0 42.0 9.74 8.00 1.00 2 1 2 
 22 42.0 57.0 20.74 8.00 1.00 2 1 2 
 23 16.0 57.0 33.46 16.00 1.00 2 1 2 
 24 8.0 52.0 16.91 10.00 1.00 2 1 2 
 25 7.0 38.0 29.12 28.00 1.00 2 1 2 
 26 27.0 68.0 5.63 7.00 1.00 2 1 2 
 27 30.0 48.0 20.96 15.00 1.00 2 1 2 
 28 43.0 67.0 10.90 14.00 1.00 2 1 2 
 29 58.0 48.0 7.44 6.00 1.00 2 1 2 
 30 58.0 27.0 25.86 19.00 1.00 2 1 2 
 31 37.0 69.0 13.01 11.00 1.00 2 1 2 
 32 38.0 46.0 33.38 12.00 1.00 2 1 2 
 33 46.0 10.0 28.47 23.00 1.00 2 1 2 
 34 61.0 33.0 38.47 26.00 1.00 2 1 2 
 35 62.0 63.0 14.01 17.00 1.00 2 1 2 
 36 63.0 69.0 6.25 6.00 1.00 2 1 2 
 37 32.0 22.0 13.29 9.00 1.00 2 1 2 
 38 45.0 35.0 32.66 15.00 1.00 2 1 2 
 39 59.0 15.0 9.86 14.00 1.00 2 1 2 
 40 5.0 6.0 3.70 7.00 1.00 2 1 2 
 41 10.0 17.0 29.29 27.00 1.00 2 1 2 
 42 21.0 10.0 12.71 13.00 1.00 2 1 2 
 43 5.0 64.0 11.11 11.00 1.00 2 1 2 
 44 30.0 15.0 16.34 16.00 1.00 2 1 2 
 45 39.0 10.0 8.85 10.00 1.00 2 1 2 
 46 32.0 39.0 11.02 5.00 1.00 2 1 2 
 47 25.0 32.0 50.19 25.00 1.00 2 1 2 
 48 25.0 55.0 34.59 17.00 1.00 2 1 2 
 49 48.0 28.0 44.68 18.00 1.00 2 1 2 
 50 56.0 37.0 25.79 10.00 1.00 2 1 2 
