1 9 153 6
0 20
0 20
0 20
0 20
0 20
0 20
0	0.00	0.00	0.00	0	0	0	
1	57.74	0.00	356.72	5	6	1	63 
2	28.87	50.00	545.71	5	6	1	63 
3	-28.87	50.00	371.98	5	6	1	63 
4	-57.74	0.00	617.94	5	6	1	63 
5	-28.87	-50.00	678.02	5	6	1	63 
6	28.87	-50.00	594.66	5	6	1	63 
7	288.68	0.00	574.39	5	6	1	63 
8	144.34	250.00	509.45	5	6	1	63 
9	-144.34	250.00	532.49	5	6	1	63 
10	-288.68	0.00	558.42	5	6	1	63 
11	-144.34	-250.00	413.99	5	6	1	63 
12	144.34	-250.00	367.65	5	6	1	63 
13	866.03	0.00	15.46	5	6	1	63 
14	433.01	750.00	17.18	5	6	1	63 
15	-433.01	750.00	21.61	5	6	1	63 
16	-866.03	0.00	24.55	5	6	1	63 
17	-433.01	-750.00	17.60	5	6	1	63 
18	433.01	-750.00	17.59	5	6	1	63 
19	86.60	50.00	163.73	2	2	3	9 18 36 
20	0.00	100.00	203.80	2	2	3	9 18 36 
21	-86.60	50.00	245.74	2	2	3	9 18 36 
22	-86.60	-50.00	259.28	2	2	3	9 18 36 
23	-0.00	-100.00	173.95	2	2	3	9 18 36 
24	86.60	-50.00	245.74	2	2	3	9 18 36 
25	0.00	40.00	251.62	2	2	3	9 18 36 
26	-34.64	-20.00	142.48	2	2	3	9 18 36 
27	34.64	-20.00	242.02	2	2	3	9 18 36 
28	433.01	250.00	39.08	2	2	3	9 18 36 
29	0.00	500.00	58.05	2	2	3	9 18 36 
30	-433.01	250.00	43.46	2	2	3	9 18 36 
31	-433.01	-250.00	59.09	2	2	3	9 18 36 
32	-0.00	-500.00	24.69	2	2	3	9 18 36 
33	433.01	-250.00	53.35	2	2	3	9 18 36 
34	0.00	200.00	196.34	2	2	3	9 18 36 
35	-173.21	-100.00	264.39	2	2	3	9 18 36 
36	173.21	-100.00	196.30	2	2	3	9 18 36 
37	1299.04	750.00	2.94	2	2	3	9 18 36 
38	0.00	1500.00	2.42	2	2	3	9 18 36 
39	-1299.04	750.00	2.15	2	2	3	9 18 36 
40	-1299.04	-750.00	2.41	2	2	3	9 18 36 
41	-0.00	-1500.00	2.61	2	2	3	9 18 36 
42	1299.04	-750.00	3.05	2	2	3	9 18 36 
43	0.00	600.00	28.84	2	2	3	9 18 36 
44	-519.62	-300.00	30.27	2	2	3	9 18 36 
45	519.62	-300.00	26.81	2	2	3	9 18 36 
46	67.17	27.89	278.00	2	1	6	1 2 4 8 16 32 
47	77.17	22.11	197.64	2	1	6	1 2 4 8 16 32 
48	57.74	55.77	150.27	2	1	6	1 2 4 8 16 32 
49	57.74	44.23	209.41	2	1	6	1 2 4 8 16 32 
50	19.43	77.89	208.51	2	1	6	1 2 4 8 16 32 
51	9.43	72.11	161.12	2	1	6	1 2 4 8 16 32 
52	-19.43	77.89	202.14	2	1	6	1 2 4 8 16 32 
53	-9.43	72.11	271.49	2	1	6	1 2 4 8 16 32 
54	-57.74	55.77	209.21	2	1	6	1 2 4 8 16 32 
55	-57.74	44.23	263.28	2	1	6	1 2 4 8 16 32 
56	-67.17	27.89	184.73	2	1	6	1 2 4 8 16 32 
57	-77.17	22.11	176.35	2	1	6	1 2 4 8 16 32 
58	-77.17	-22.11	190.98	2	1	6	1 2 4 8 16 32 
59	-67.17	-27.89	202.76	2	1	6	1 2 4 8 16 32 
60	-57.74	-44.23	268.61	2	1	6	1 2 4 8 16 32 
61	-57.74	-55.77	228.13	2	1	6	1 2 4 8 16 32 
62	-9.43	-72.11	220.48	2	1	6	1 2 4 8 16 32 
63	-19.43	-77.89	283.29	2	1	6	1 2 4 8 16 32 
64	9.43	-72.11	233.75	2	1	6	1 2 4 8 16 32 
65	19.43	-77.89	225.02	2	1	6	1 2 4 8 16 32 
66	57.74	-44.23	162.90	2	1	6	1 2 4 8 16 32 
67	57.74	-55.77	218.07	2	1	6	1 2 4 8 16 32 
68	77.17	-22.11	241.74	2	1	6	1 2 4 8 16 32 
69	67.17	-27.89	274.75	2	1	6	1 2 4 8 16 32 
70	13.43	47.89	255.82	2	1	6	1 2 4 8 16 32 
71	15.43	42.11	232.15	2	1	6	1 2 4 8 16 32 
72	-13.43	47.89	276.30	2	1	6	1 2 4 8 16 32 
73	-15.43	42.11	248.42	2	1	6	1 2 4 8 16 32 
74	-44.19	-7.69	206.06	2	1	6	1 2 4 8 16 32 
75	-48.19	-12.31	171.25	2	1	6	1 2 4 8 16 32 
76	-28.75	-34.42	255.31	2	1	6	1 2 4 8 16 32 
77	-34.75	-35.58	256.48	2	1	6	1 2 4 8 16 32 
78	28.75	-34.42	217.03	2	1	6	1 2 4 8 16 32 
79	34.75	-35.58	246.40	2	1	6	1 2 4 8 16 32 
80	44.19	-7.69	170.97	2	1	6	1 2 4 8 16 32 
81	48.19	-12.31	252.89	2	1	6	1 2 4 8 16 32 
82	335.84	139.43	98.30	2	1	6	1 2 4 8 16 32 
83	385.84	110.57	104.86	2	1	6	1 2 4 8 16 32 
84	288.68	278.87	99.96	2	1	6	1 2 4 8 16 32 
85	288.68	221.13	149.69	2	1	6	1 2 4 8 16 32 
86	97.17	389.43	107.46	2	1	6	1 2 4 8 16 32 
87	47.17	360.57	109.35	2	1	6	1 2 4 8 16 32 
88	-97.17	389.43	119.69	2	1	6	1 2 4 8 16 32 
89	-47.17	360.57	123.72	2	1	6	1 2 4 8 16 32 
90	-288.68	278.87	81.91	2	1	6	1 2 4 8 16 32 
91	-288.68	221.13	116.48	2	1	6	1 2 4 8 16 32 
92	-335.84	139.43	110.09	2	1	6	1 2 4 8 16 32 
93	-385.84	110.57	66.48	2	1	6	1 2 4 8 16 32 
94	-385.84	-110.57	106.86	2	1	6	1 2 4 8 16 32 
95	-335.84	-139.43	122.94	2	1	6	1 2 4 8 16 32 
96	-288.68	-221.13	76.59	2	1	6	1 2 4 8 16 32 
97	-288.68	-278.87	115.12	2	1	6	1 2 4 8 16 32 
98	-47.17	-360.57	116.78	2	1	6	1 2 4 8 16 32 
99	-97.17	-389.43	70.32	2	1	6	1 2 4 8 16 32 
100	47.17	-360.57	156.64	2	1	6	1 2 4 8 16 32 
101	97.17	-389.43	105.78	2	1	6	1 2 4 8 16 32 
102	288.68	-221.13	95.85	2	1	6	1 2 4 8 16 32 
103	288.68	-278.87	76.94	2	1	6	1 2 4 8 16 32 
104	385.84	-110.57	74.08	2	1	6	1 2 4 8 16 32 
105	335.84	-139.43	91.00	2	1	6	1 2 4 8 16 32 
106	67.17	239.43	132.02	2	1	6	1 2 4 8 16 32 
107	77.17	210.57	147.27	2	1	6	1 2 4 8 16 32 
108	-67.17	239.43	221.31	2	1	6	1 2 4 8 16 32 
109	-77.17	210.57	136.11	2	1	6	1 2 4 8 16 32 
110	-220.94	-38.45	186.92	2	1	6	1 2 4 8 16 32 
111	-240.94	-61.55	258.79	2	1	6	1 2 4 8 16 32 
112	-143.77	-172.11	157.70	2	1	6	1 2 4 8 16 32 
113	-173.77	-177.89	142.27	2	1	6	1 2 4 8 16 32 
114	143.77	-172.11	238.11	2	1	6	1 2 4 8 16 32 
115	173.77	-177.89	257.87	2	1	6	1 2 4 8 16 32 
116	220.94	-38.45	214.85	2	1	6	1 2 4 8 16 32 
117	240.94	-61.55	136.16	2	1	6	1 2 4 8 16 32 
118	1007.53	418.30	10.15	2	1	6	1 2 4 8 16 32 
119	1157.53	331.70	3.44	2	1	6	1 2 4 8 16 32 
120	866.03	836.60	3.56	2	1	6	1 2 4 8 16 32 
121	866.03	663.40	5.47	2	1	6	1 2 4 8 16 32 
122	291.51	1168.30	6.65	2	1	6	1 2 4 8 16 32 
123	141.51	1081.70	10.98	2	1	6	1 2 4 8 16 32 
124	-291.51	1168.30	4.01	2	1	6	1 2 4 8 16 32 
125	-141.51	1081.70	13.45	2	1	6	1 2 4 8 16 32 
126	-866.03	836.60	6.63	2	1	6	1 2 4 8 16 32 
127	-866.03	663.40	9.30	2	1	6	1 2 4 8 16 32 
128	-1007.53	418.30	7.34	2	1	6	1 2 4 8 16 32 
129	-1157.53	331.70	4.99	2	1	6	1 2 4 8 16 32 
130	-1157.53	-331.70	6.56	2	1	6	1 2 4 8 16 32 
131	-1007.53	-418.30	9.56	2	1	6	1 2 4 8 16 32 
132	-866.03	-663.40	10.37	2	1	6	1 2 4 8 16 32 
133	-866.03	-836.60	4.85	2	1	6	1 2 4 8 16 32 
134	-141.51	-1081.70	5.27	2	1	6	1 2 4 8 16 32 
135	-291.51	-1168.30	5.53	2	1	6	1 2 4 8 16 32 
136	141.51	-1081.70	8.04	2	1	6	1 2 4 8 16 32 
137	291.51	-1168.30	4.20	2	1	6	1 2 4 8 16 32 
138	866.03	-663.40	9.13	2	1	6	1 2 4 8 16 32 
139	866.03	-836.60	4.48	2	1	6	1 2 4 8 16 32 
140	1157.53	-331.70	5.52	2	1	6	1 2 4 8 16 32 
141	1007.53	-418.30	8.37	2	1	6	1 2 4 8 16 32 
142	201.51	718.30	19.49	2	1	6	1 2 4 8 16 32 
143	231.51	631.70	24.35	2	1	6	1 2 4 8 16 32 
144	-201.51	718.30	12.55	2	1	6	1 2 4 8 16 32 
145	-231.51	631.70	24.61	2	1	6	1 2 4 8 16 32 
146	-662.82	-115.36	19.32	2	1	6	1 2 4 8 16 32 
147	-722.82	-184.64	23.53	2	1	6	1 2 4 8 16 32 
148	-431.31	-516.34	19.83	2	1	6	1 2 4 8 16 32 
149	-521.31	-533.66	20.55	2	1	6	1 2 4 8 16 32 
150	431.31	-516.34	27.32	2	1	6	1 2 4 8 16 32 
151	521.31	-533.66	12.85	2	1	6	1 2 4 8 16 32 
152	662.82	-115.36	15.08	2	1	6	1 2 4 8 16 32 
